1 0.548081 0.230774 0.518736 0.284880 0.701810 0.461399 0.731155 0.407292
1 0.249226 0.129956 0.219275 0.183155 0.405850 0.369902 0.435802 0.316703
1 0.470402 0.344615 0.440376 0.400043 0.619346 0.572398 0.649372 0.516970
1 0.207393 0.225710 0.175305 0.277163 0.347400 0.467960 0.379488 0.416507
1 0.390944 0.444856 0.357332 0.498754 0.525706 0.685426 0.559318 0.631528
1 0.109536 0.370026 0.076925 0.430957 0.265204 0.610100 0.297814 0.549170
1 0.328702 0.594683 0.297167 0.656611 0.488528 0.829850 0.520064 0.767921
1 0.284572 0.843583 0.315245 0.780890 0.121521 0.612385 0.090847 0.675078
1 0.300769 0.013755 0.268748 0.075239 0.458737 0.251144 0.490758 0.189660
1 0.613333 0.133043 0.577391 0.190677 0.753648 0.386088 0.789590 0.328454
1 0.382423 0.000000 0.348698 0.000000 0.533613 0.146839 0.567338 0.086997
