1 0.579589 0.244627 0.579038 0.311395 0.353125 0.308086 0.353675 0.241318
1 0.864797 0.400617 0.865140 0.467136 0.631849 0.469271 0.631506 0.402753
1 0.591241 0.397747 0.590648 0.466117 0.369891 0.462715 0.370484 0.394345
1 0.855706 0.510767 0.858544 0.577577 0.635085 0.594453 0.632247 0.527643
1 0.610391 0.541345 0.613364 0.611329 0.394737 0.627840 0.391764 0.557856
1 0.869982 0.704388 0.869012 0.779230 0.637744 0.773903 0.638714 0.699061
1 0.593580 0.711147 0.591301 0.785939 0.360189 0.773420 0.362468 0.698628
1 0.518011 0.946224 0.521324 0.871500 0.752223 0.889699 0.748910 0.964422
1 0.875207 0.266330 0.873516 0.341150 0.642319 0.331864 0.644009 0.257044
1 0.570738 0.114314 0.573917 0.189150 0.345055 0.206434 0.341876 0.131598
1 0.859549 0.111519 0.859960 0.186371 0.628664 0.188632 0.628253 0.113780
