1 0.583337 0.751125 0.581799 0.684385 0.355978 0.693637 0.357516 0.760377
1 0.866181 0.587662 0.865539 0.521148 0.632262 0.525150 0.632904 0.591665
1 0.592721 0.597729 0.591117 0.529388 0.370453 0.538597 0.372057 0.606938
1 0.855462 0.477773 0.857310 0.410901 0.633646 0.399908 0.631797 0.466780
1 0.609742 0.453655 0.611679 0.383607 0.392850 0.372851 0.390914 0.442899
1 0.866870 0.283815 0.864793 0.209012 0.633649 0.220422 0.635726 0.295225
1 0.590421 0.284328 0.587036 0.209611 0.356155 0.228208 0.359540 0.302925
1 0.511388 0.051286 0.515806 0.125907 0.746391 0.101638 0.741973 0.027016
1 0.878576 0.721650 0.875779 0.646889 0.644764 0.662256 0.647561 0.737017
1 0.576416 0.881646 0.578487 0.806741 0.349413 0.795482 0.347343 0.870387
1 0.865212 0.876842 0.864516 0.801994 0.633231 0.805818 0.633928 0.880667
