1 0.583337 0.246791 0.581799 0.313531 0.355978 0.304279 0.357516 0.237539
1 0.866181 0.410254 0.865539 0.476769 0.632262 0.472766 0.632904 0.406252
1 0.592721 0.400188 0.591117 0.468529 0.370453 0.459320 0.372057 0.390979
1 0.855462 0.520143 0.857310 0.587015 0.633646 0.598009 0.631797 0.531137
1 0.609742 0.544262 0.611679 0.614310 0.392850 0.625066 0.390914 0.555018
1 0.866870 0.714102 0.864793 0.788904 0.633649 0.777494 0.635726 0.702692
1 0.590421 0.713588 0.587036 0.788306 0.356155 0.769709 0.359540 0.694991
1 0.511388 0.946631 0.515806 0.872009 0.746391 0.896279 0.741973 0.970901
1 0.878576 0.276267 0.875779 0.351028 0.644764 0.335661 0.647561 0.260900
1 0.576416 0.116271 0.578487 0.191175 0.349413 0.202435 0.347343 0.127530
1 0.865212 0.121075 0.864516 0.195923 0.633231 0.192098 0.633928 0.117250
