1 0.589545 0.747278 0.552276 0.702679 0.703182 0.478495 0.740451 0.523095
1 0.313465 0.930149 0.275747 0.886608 0.428452 0.651440 0.466170 0.694981
1 0.495555 0.657937 0.457411 0.612238 0.604967 0.393282 0.643111 0.438981
1 0.257379 0.848371 0.217851 0.807138 0.355760 0.572098 0.395289 0.613330
1 0.401985 0.582390 0.360579 0.539199 0.495506 0.309241 0.536913 0.352432
1 0.138831 0.734939 0.097287 0.684592 0.252863 0.456374 0.294407 0.506721
1 0.317370 0.453523 0.276719 0.401897 0.436245 0.178580 0.476897 0.230206
1 0.234729 0.222716 0.274660 0.275332 0.112072 0.494689 0.072142 0.442072
1 0.382286 0.997917 0.341230 0.978118 0.498991 0.752583 0.540047 0.803637
1 0.668833 0.824381 0.624556 0.778195 0.765800 0.537471 0.810077 0.583657
1 0.479872 0.997917 0.437411 0.997917 0.588729 0.833394 0.631189 0.882363
