1 0.675514 0.354341 0.645951 0.408236 0.463592 0.230407 0.493155 0.176512
1 0.839536 0.702359 0.810808 0.756744 0.620072 0.577625 0.648800 0.523240
1 0.618223 0.487952 0.587927 0.543118 0.409803 0.369211 0.440099 0.314045
1 0.784106 0.784928 0.757281 0.841485 0.568117 0.681982 0.594942 0.625425
1 0.571185 0.619630 0.543085 0.678873 0.358012 0.522818 0.386111 0.463575
1 0.711289 0.953525 0.677863 0.997917 0.492027 0.830043 0.525453 0.769903
1 0.483461 0.744747 0.448992 0.803831 0.266420 0.614479 0.300889 0.555395
1 0.319468 0.877421 0.354748 0.819194 0.534671 0.997917 0.499391 0.997917
1 0.906564 0.601173 0.872562 0.660736 0.688510 0.473947 0.722512 0.414385
1 0.725139 0.241457 0.695092 0.304808 0.501353 0.141447 0.531400 0.078096
1 0.961333 0.463081 0.929027 0.524299 0.739860 0.346829 0.772166 0.285611
