1 0.415101 0.246791 0.416639 0.313531 0.642459 0.304279 0.640921 0.237539
1 0.132256 0.410254 0.132898 0.476769 0.366175 0.472766 0.365533 0.406252
1 0.405717 0.400188 0.407321 0.468529 0.627985 0.459320 0.626380 0.390979
1 0.142976 0.520143 0.141127 0.587015 0.364792 0.598009 0.366641 0.531137
1 0.388695 0.544262 0.386758 0.614310 0.605587 0.625066 0.607524 0.555018
1 0.131568 0.714102 0.133645 0.788904 0.364789 0.777494 0.362712 0.702692
1 0.408016 0.713588 0.411401 0.788306 0.642283 0.769709 0.638897 0.694991
1 0.487049 0.946631 0.482631 0.872009 0.252046 0.896279 0.256464 0.970901
1 0.119862 0.276267 0.122659 0.351028 0.353674 0.335661 0.350876 0.260900
1 0.422022 0.116271 0.419951 0.191175 0.649024 0.202435 0.651095 0.127530
1 0.133225 0.121075 0.133922 0.195923 0.365206 0.192098 0.364510 0.117250
