1 0.397089 0.258908 0.436434 0.300215 0.296667 0.536888 0.257321 0.495581
1 0.663766 0.052716 0.703508 0.092929 0.562476 0.340718 0.522734 0.300506
1 0.495198 0.339995 0.535470 0.382325 0.398793 0.613493 0.358521 0.571164
1 0.723684 0.129510 0.765122 0.167264 0.638848 0.413656 0.597410 0.375902
1 0.592222 0.407352 0.635628 0.446900 0.512084 0.687964 0.468678 0.648417
1 0.847464 0.232530 0.891353 0.279207 0.747120 0.520306 0.703231 0.473630
1 0.682884 0.528689 0.725944 0.576718 0.577532 0.813266 0.534472 0.765237
1 0.776499 0.751923 0.734110 0.702844 0.885768 0.469985 0.928157 0.519064
1 0.590306 0.000000 0.633742 0.007231 0.487199 0.245841 0.443763 0.198417
1 0.314243 0.188772 0.360658 0.231061 0.231330 0.483410 0.184915 0.441121
1 0.488749 0.000000 0.533486 0.000000 0.393745 0.172900 0.349008 0.127678
