1 0.382582 0.270962 0.393062 0.336255 0.613986 0.273215 0.603506 0.207922
1 0.126274 0.499339 0.135843 0.564625 0.364809 0.504968 0.355240 0.439682
1 0.393959 0.424119 0.404719 0.490971 0.620576 0.429205 0.609816 0.362353
1 0.151585 0.604890 0.158751 0.671122 0.380274 0.628515 0.373108 0.562283
1 0.396570 0.569928 0.404076 0.639306 0.620809 0.597620 0.613304 0.528242
1 0.166421 0.798436 0.178514 0.871532 0.404386 0.805097 0.392292 0.732001
1 0.438328 0.731900 0.451697 0.804601 0.676345 0.731158 0.662976 0.658458
1 0.547393 0.942296 0.533021 0.869937 0.309426 0.948889 0.323799 0.997917
1 0.096079 0.370480 0.108875 0.443363 0.334088 0.373066 0.321292 0.300183
1 0.371855 0.140900 0.379881 0.215088 0.606761 0.171450 0.598735 0.097262
1 0.088375 0.214606 0.099117 0.288077 0.326146 0.229071 0.315405 0.155600
