1 0.293732 0.465777 0.337479 0.498274 0.447436 0.235123 0.403689 0.202626
1 0.253763 0.873336 0.296906 0.906743 0.414069 0.637753 0.370927 0.604346
1 0.387650 0.555253 0.432462 0.588496 0.539800 0.331268 0.494988 0.298024
1 0.329997 0.917475 0.372091 0.953916 0.493973 0.703623 0.451879 0.667182
1 0.471648 0.648683 0.515741 0.686854 0.634987 0.441973 0.590894 0.403802
1 0.448984 0.997917 0.498198 0.997917 0.609499 0.795755 0.560285 0.759736
1 0.590553 0.713489 0.640384 0.747967 0.746924 0.474228 0.697094 0.439749
1 0.781121 0.742672 0.730822 0.709425 0.628085 0.985736 0.678384 0.997917
1 0.161159 0.818744 0.210715 0.853917 0.319403 0.581683 0.269847 0.546510
1 0.213273 0.390862 0.260424 0.431680 0.385253 0.175335 0.338103 0.134516
1 0.068128 0.723792 0.116662 0.761415 0.232917 0.494797 0.184383 0.457174
