1 0.450874 0.667900 0.488769 0.685830 0.546595 0.468558 0.508701 0.450628
1 0.494992 0.686167 0.532887 0.704097 0.590714 0.486826 0.552819 0.468896
1 0.538736 0.706232 0.576631 0.724162 0.634457 0.506891 0.596563 0.488961
1 0.508315 0.390649 0.497640 0.435015 0.661072 0.504925 0.671747 0.460559
1 0.430012 0.670784 0.418121 0.714597 0.579516 0.792468 0.591406 0.748656
1 0.699930 0.446662 0.685857 0.499518 0.859788 0.581842 0.873861 0.528987
1 0.682798 0.505122 0.668726 0.557978 0.842657 0.640302 0.856729 0.587447
1 0.677412 0.569890 0.612035 0.799690 0.651746 0.819774 0.717123 0.589975
1 0.723885 0.589990 0.658508 0.819790 0.693606 0.837542 0.758983 0.607742
1 0.766452 0.614840 0.701111 0.836496 0.736048 0.854806 0.801389 0.633149
