1 0.634240 0.482041 0.637060 0.535522 0.464576 0.551693 0.461756 0.498212
1 0.635639 0.543608 0.638459 0.597090 0.465975 0.613260 0.463155 0.559779
1 0.638438 0.605176 0.641258 0.658657 0.468774 0.674827 0.465953 0.621346
1 0.418514 0.481672 0.453431 0.479825 0.460233 0.708494 0.425316 0.710340
1 0.641905 0.456011 0.676748 0.452454 0.689849 0.680635 0.655006 0.684192
1 0.407735 0.742830 0.449696 0.738890 0.462661 0.984369 0.420700 0.988309
1 0.454564 0.736459 0.496526 0.732519 0.509491 0.977998 0.467530 0.981938
1 0.502811 0.746865 0.686368 0.724346 0.690260 0.780737 0.506702 0.803256
1 0.504905 0.811948 0.688462 0.789429 0.691901 0.839270 0.508344 0.861789
1 0.511476 0.873284 0.689139 0.848631 0.693024 0.898414 0.515361 0.923066
