1 0.411781 0.360739 0.443118 0.327145 0.551465 0.506818 0.520128 0.540412
1 0.448910 0.324089 0.480246 0.290494 0.588593 0.470167 0.557256 0.503762
1 0.485240 0.285906 0.516577 0.252311 0.624924 0.431984 0.593587 0.465579
1 0.534604 0.597203 0.513550 0.560016 0.650535 0.422133 0.671589 0.459320
1 0.391373 0.367193 0.369308 0.331063 0.502400 0.186560 0.524465 0.222690
1 0.701633 0.460042 0.675270 0.416335 0.819095 0.262114 0.845458 0.305821
1 0.670996 0.412390 0.644634 0.368684 0.788459 0.214463 0.814821 0.258169
1 0.649886 0.353617 0.531312 0.165439 0.563830 0.129012 0.682405 0.317190
1 0.688784 0.314201 0.570210 0.126023 0.598951 0.093826 0.717526 0.282004
1 0.722820 0.272018 0.606294 0.091512 0.634745 0.058861 0.751271 0.239367
