1 0.461027 0.325456 0.499864 0.311570 0.544648 0.534250 0.505810 0.548136
1 0.506089 0.311889 0.544927 0.298003 0.589710 0.520683 0.550872 0.534569
1 0.550884 0.296490 0.589722 0.282605 0.634505 0.505284 0.595667 0.519170
1 0.501875 0.607887 0.493860 0.562536 0.660920 0.510045 0.668935 0.555396
1 0.440401 0.320385 0.431141 0.275457 0.596641 0.214815 0.605901 0.259742
1 0.696207 0.572215 0.685308 0.518044 0.863570 0.454282 0.874469 0.508454
1 0.682590 0.512135 0.671691 0.457963 0.849953 0.394202 0.860852 0.448373
1 0.681055 0.447002 0.629487 0.211039 0.670263 0.195197 0.721831 0.431160
1 0.728573 0.431856 0.677005 0.195893 0.713045 0.181890 0.764613 0.417854
1 0.772479 0.411564 0.720464 0.183722 0.756376 0.169147 0.808391 0.396989
