1 0.389527 0.605286 0.413929 0.647898 0.551358 0.507986 0.526956 0.465375
1 0.419005 0.652712 0.443407 0.695324 0.580836 0.555412 0.556434 0.512800
1 0.447433 0.701372 0.471835 0.743983 0.609264 0.604072 0.584862 0.561460
1 0.551198 0.414848 0.524085 0.444241 0.632365 0.621803 0.659478 0.592409
1 0.370869 0.592513 0.342964 0.620558 0.446276 0.803306 0.474181 0.775261
1 0.688779 0.601287 0.655343 0.635320 0.767334 0.830926 0.800770 0.796894
1 0.650485 0.637787 0.617048 0.671820 0.729039 0.867426 0.762475 0.833394
1 0.619446 0.688124 0.470561 0.833033 0.495602 0.878773 0.644487 0.733864
1 0.650146 0.738800 0.501261 0.883709 0.523393 0.924136 0.672279 0.779227
1 0.675629 0.790611 0.530108 0.928724 0.551877 0.969500 0.697398 0.831387
