1 0.373500 0.566768 0.389451 0.615982 0.548174 0.524528 0.532223 0.475313
1 0.393503 0.622290 0.409453 0.671504 0.568177 0.580050 0.552226 0.530835
1 0.412263 0.678670 0.428213 0.727885 0.586937 0.636430 0.570986 0.587216
1 0.564909 0.434101 0.533270 0.453882 0.606137 0.661083 0.637776 0.641302
1 0.357712 0.548358 0.325549 0.566575 0.392655 0.777207 0.424818 0.758990
1 0.664598 0.659364 0.625982 0.681607 0.699177 0.907514 0.737793 0.885271
1 0.620820 0.682435 0.582204 0.704678 0.655400 0.930585 0.694016 0.908342
1 0.581574 0.721271 0.410829 0.813881 0.426832 0.866337 0.597578 0.773727
1 0.602174 0.780341 0.431428 0.872951 0.445572 0.919313 0.616318 0.826703
1 0.617504 0.838830 0.451256 0.925931 0.464984 0.972515 0.631233 0.885414
