1 0.364198 0.482041 0.361377 0.535522 0.533862 0.551693 0.536682 0.498212
1 0.362799 0.543608 0.359978 0.597090 0.532462 0.613260 0.535283 0.559779
1 0.360000 0.605176 0.357180 0.658657 0.529664 0.674827 0.532484 0.621346
1 0.579923 0.481672 0.545006 0.479825 0.538204 0.708494 0.573121 0.710340
1 0.356533 0.456011 0.321690 0.452454 0.308589 0.680635 0.343431 0.684192
1 0.590703 0.742830 0.548742 0.738890 0.535776 0.984369 0.577738 0.988309
1 0.543873 0.736459 0.501912 0.732519 0.488946 0.977998 0.530908 0.981938
1 0.495627 0.746865 0.312069 0.724346 0.308178 0.780737 0.491735 0.803256
1 0.493533 0.811948 0.309976 0.789429 0.306536 0.839270 0.490093 0.861789
1 0.486962 0.873284 0.309299 0.848631 0.305413 0.898414 0.483076 0.923066
