1 0.444575 0.333465 0.408165 0.356214 0.481534 0.564977 0.517945 0.542228
1 0.403559 0.361805 0.367149 0.384555 0.440518 0.593317 0.476928 0.570568
1 0.361862 0.388516 0.325451 0.411265 0.398820 0.620028 0.435231 0.597279
1 0.549830 0.584540 0.534043 0.542973 0.380921 0.646363 0.396709 0.687930
1 0.457898 0.311866 0.443267 0.269554 0.287399 0.365371 0.302030 0.407683
1 0.383982 0.724223 0.366137 0.673433 0.199002 0.777828 0.216847 0.828618
1 0.365360 0.666579 0.347515 0.615789 0.180380 0.720184 0.198225 0.770974
1 0.335056 0.615452 0.260456 0.390702 0.221618 0.413620 0.296218 0.638371
1 0.291399 0.644695 0.216799 0.419945 0.182472 0.440201 0.257071 0.664951
1 0.248017 0.666899 0.177683 0.447976 0.143177 0.467684 0.213511 0.686607
