1 0.428376 0.653147 0.463148 0.680072 0.549983 0.480706 0.515211 0.453781
1 0.469219 0.681931 0.503990 0.708855 0.590825 0.509489 0.556053 0.482565
1 0.509445 0.712389 0.544216 0.739314 0.631051 0.539948 0.596280 0.513024
1 0.523113 0.394733 0.506495 0.435720 0.657482 0.544548 0.674100 0.503561
1 0.407473 0.650862 0.389736 0.691007 0.537622 0.807161 0.555358 0.767015
1 0.703720 0.496819 0.682591 0.545317 0.842184 0.668924 0.863313 0.620426
1 0.678810 0.550074 0.657681 0.598573 0.817274 0.722180 0.838403 0.673682
1 0.664574 0.612414 0.568588 0.822240 0.604848 0.851728 0.700834 0.641902
1 0.707478 0.643577 0.611492 0.853403 0.643540 0.879466 0.739526 0.669640
1 0.745887 0.678450 0.651060 0.880281 0.682872 0.906852 0.777699 0.705021
