1 0.583851 0.479388 0.545492 0.477467 0.539009 0.707620 0.577367 0.709541
1 0.362527 0.484085 0.360447 0.536087 0.538081 0.548719 0.540161 0.496717
1 0.360585 0.543632 0.358505 0.595634 0.532246 0.607989 0.534326 0.555987
1 0.355732 0.610321 0.353652 0.662323 0.530769 0.674918 0.532849 0.622916
1 0.361660 0.456831 0.324961 0.453171 0.312137 0.681768 0.348837 0.685428
1 0.597674 0.742979 0.548664 0.738270 0.535520 0.981430 0.584530 0.986140
1 0.000000 0.624016 0.000000 0.624016 0.000000 0.836614 0.000000 0.836614
1 0.000000 0.706693 0.000000 0.706693 0.000000 0.738189 0.000000 0.738189
1 0.547477 0.739042 0.498467 0.734333 0.485323 0.977493 0.534333 0.982203
1 0.314127 0.717329 0.309338 0.782534 0.491311 0.806293 0.496100 0.741088
1 0.313458 0.782101 0.308930 0.840153 0.491980 0.865537 0.496508 0.807484
1 0.309029 0.841156 0.304500 0.899208 0.487551 0.924592 0.492079 0.866540
