1 0.414587 0.518529 0.452946 0.520450 0.459429 0.290297 0.421070 0.288376
1 0.635910 0.513831 0.637990 0.461829 0.460357 0.449198 0.458276 0.501200
1 0.637852 0.454284 0.639932 0.402282 0.466192 0.389927 0.464112 0.441929
1 0.642706 0.387595 0.644786 0.335593 0.467668 0.322998 0.465588 0.375000
1 0.636778 0.541085 0.673477 0.544745 0.686300 0.316149 0.649601 0.312489
1 0.400764 0.254937 0.449774 0.259647 0.462918 0.016487 0.413907 0.011777
1 0.998437 0.373901 0.998437 0.373901 0.998437 0.161303 0.998437 0.161303
1 0.998437 0.291224 0.998437 0.291224 0.998437 0.259728 0.998437 0.259728
1 0.450960 0.258874 0.499971 0.263584 0.513114 0.020424 0.464104 0.015714
1 0.684311 0.280587 0.689099 0.215383 0.507126 0.191624 0.502338 0.256829
1 0.684980 0.215816 0.689508 0.157763 0.506457 0.132380 0.501929 0.190432
1 0.689409 0.156760 0.693937 0.098708 0.510886 0.073325 0.506358 0.131377
