1 0.414587 0.479388 0.452946 0.477467 0.459429 0.707620 0.421070 0.709541
1 0.635910 0.484085 0.637990 0.536087 0.460357 0.548719 0.458276 0.496717
1 0.637852 0.543632 0.639932 0.595634 0.466192 0.607989 0.464112 0.555987
1 0.642706 0.610321 0.644786 0.662323 0.467668 0.674918 0.465588 0.622916
1 0.636778 0.456831 0.673477 0.453171 0.686300 0.681768 0.649601 0.685428
1 0.400764 0.742979 0.449774 0.738270 0.462918 0.981430 0.413907 0.986140
1 0.998437 0.624016 0.998437 0.624016 0.998437 0.836614 0.998437 0.836614
1 0.998437 0.706693 0.998437 0.706693 0.998437 0.738189 0.998437 0.738189
1 0.450960 0.739042 0.499971 0.734333 0.513114 0.977493 0.464104 0.982203
1 0.684311 0.717329 0.689099 0.782534 0.507126 0.806293 0.502338 0.741088
1 0.684980 0.782101 0.689508 0.840153 0.506457 0.865537 0.501929 0.807484
1 0.689409 0.841156 0.693937 0.899208 0.510886 0.924592 0.506358 0.866540
