1 0.413616 0.508400 0.450379 0.493676 0.500070 0.714256 0.463307 0.728979
1 0.628710 0.438722 0.640533 0.488355 0.470993 0.560152 0.459170 0.510520
1 0.641823 0.495704 0.653646 0.545336 0.487821 0.615560 0.475998 0.565927
1 0.659101 0.558621 0.670924 0.608254 0.501876 0.679842 0.490053 0.630210
1 0.624408 0.412054 0.659238 0.396204 0.714771 0.613151 0.679942 0.629001
1 0.449961 0.768153 0.496507 0.747158 0.555099 0.978093 0.508552 0.997917
1 0.998437 0.401220 0.998437 0.350388 0.998437 0.556151 0.998437 0.606984
1 0.998437 0.507481 0.998437 0.482890 0.998437 0.513373 0.998437 0.537964
1 0.497802 0.747508 0.544348 0.726514 0.602939 0.957449 0.556393 0.978443
1 0.719554 0.648236 0.736489 0.709739 0.564848 0.793761 0.547913 0.732258
1 0.732420 0.710701 0.747754 0.765369 0.575376 0.851324 0.560043 0.796657
1 0.747847 0.766373 0.763181 0.821040 0.590803 0.906996 0.575470 0.852328
