1 0.443413 0.411896 0.461746 0.456862 0.613507 0.346863 0.595174 0.301896
1 0.559371 0.663292 0.593975 0.639144 0.511486 0.429005 0.476883 0.453153
1 0.598771 0.635136 0.633375 0.610987 0.552694 0.405454 0.518090 0.429602
1 0.644264 0.606674 0.678868 0.582525 0.596618 0.372997 0.562015 0.397145
1 0.542234 0.678193 0.558599 0.722144 0.712592 0.620208 0.696227 0.576257
1 0.606382 0.261549 0.628351 0.320152 0.791901 0.211153 0.769932 0.152550
1 0.912744 0.997917 0.990085 0.997917 0.998437 0.997917 0.998437 0.997917
1 0.926147 0.997917 0.963562 0.997917 0.983878 0.997917 0.946463 0.997917
1 0.629455 0.321119 0.651424 0.379722 0.814974 0.270723 0.793005 0.212120
1 0.734515 0.599782 0.779017 0.572003 0.701491 0.351210 0.656989 0.378990
1 0.776636 0.567500 0.816391 0.543071 0.739363 0.320214 0.699608 0.344643
1 0.816987 0.542446 0.856743 0.518018 0.779715 0.295161 0.739960 0.319589
