1 0.583851 0.518529 0.545492 0.520450 0.539009 0.290297 0.577367 0.288376
1 0.362527 0.513831 0.360447 0.461829 0.538081 0.449198 0.540161 0.501200
1 0.360585 0.454284 0.358505 0.402282 0.532246 0.389927 0.534326 0.441929
1 0.355732 0.387595 0.353652 0.335593 0.530769 0.322998 0.532849 0.375000
1 0.361660 0.541085 0.324961 0.544745 0.312137 0.316149 0.348837 0.312489
1 0.597674 0.254937 0.548664 0.259647 0.535520 0.016487 0.584530 0.011777
1 0.000000 0.373901 0.000000 0.373901 0.000000 0.161303 0.000000 0.161303
1 0.000000 0.291224 0.000000 0.291224 0.000000 0.259728 0.000000 0.259728
1 0.547477 0.258874 0.498467 0.263584 0.485323 0.020424 0.534333 0.015714
1 0.314127 0.280587 0.309338 0.215383 0.491311 0.191624 0.496100 0.256829
1 0.313458 0.215816 0.308930 0.157763 0.491980 0.132380 0.496508 0.190432
1 0.309029 0.156760 0.304500 0.098708 0.487551 0.073325 0.492079 0.131377
