1 0.500751 0.384450 0.492108 0.434316 0.660409 0.486174 0.669052 0.436308
1 0.462507 0.675146 0.500417 0.687669 0.543194 0.457447 0.505283 0.444924
1 0.506001 0.688910 0.543912 0.701432 0.585750 0.476256 0.547839 0.463734
1 0.554207 0.707832 0.592118 0.720354 0.634770 0.490801 0.596859 0.478279
1 0.442269 0.671146 0.432658 0.718512 0.598618 0.778379 0.608229 0.731013
1 0.697508 0.416018 0.684804 0.479307 0.861431 0.542338 0.874135 0.479049
1 0.468406 0.997917 0.439844 0.997917 0.596436 0.997917 0.624998 0.997917
1 0.544047 0.997917 0.530230 0.997917 0.553429 0.997917 0.567246 0.997917
1 0.685150 0.481006 0.672445 0.544295 0.849072 0.607326 0.861776 0.544037
1 0.625186 0.782475 0.672311 0.801032 0.724100 0.567225 0.676975 0.548668
1 0.672768 0.795556 0.714674 0.812425 0.767863 0.577512 0.725957 0.560644
1 0.715431 0.812484 0.757337 0.829353 0.810527 0.594440 0.768621 0.577572
