1 0.570346 0.427760 0.599439 0.460388 0.486348 0.639658 0.457255 0.607030
1 0.602529 0.476268 0.631622 0.508896 0.518531 0.688166 0.489438 0.655538
1 0.631913 0.526641 0.661006 0.559269 0.547916 0.738539 0.518822 0.705911
1 0.668682 0.709980 0.690048 0.751905 0.544729 0.883559 0.523363 0.841633
1 0.696667 0.758487 0.718033 0.800413 0.572714 0.932066 0.551349 0.890140
1 0.717656 0.812591 0.735352 0.847317 0.590034 0.978970 0.572337 0.944245
1 0.441557 0.733873 0.474051 0.760182 0.382862 0.960411 0.350367 0.934102
1 0.483534 0.763724 0.516029 0.790033 0.424839 0.990262 0.392345 0.963953
1 0.364981 0.560477 0.388369 0.533269 0.503874 0.709781 0.480486 0.736989
1 0.710190 0.471318 0.738582 0.484277 0.685324 0.691705 0.656932 0.678745
