1 0.429806 0.424812 0.399958 0.456204 0.508763 0.640128 0.538612 0.608737
1 0.396495 0.471946 0.366646 0.503337 0.475452 0.687262 0.505300 0.655871
1 0.365937 0.521062 0.336088 0.552453 0.444894 0.736378 0.474742 0.704986
1 0.324861 0.702767 0.302517 0.743776 0.444657 0.881459 0.467001 0.840450
1 0.295745 0.750077 0.273401 0.791086 0.415541 0.928769 0.437885 0.887760
1 0.273490 0.803274 0.254983 0.837240 0.397124 0.974924 0.415631 0.940957
1 0.551310 0.736176 0.518211 0.761109 0.604631 0.965063 0.637730 0.940130
1 0.508649 0.764251 0.475550 0.789184 0.561970 0.993138 0.595069 0.968205
1 0.631939 0.566077 0.609204 0.537901 0.489592 0.709481 0.512326 0.737657
1 0.289004 0.462482 0.260320 0.474245 0.308658 0.683804 0.337342 0.672041
