1 0.440694 0.409661 0.407163 0.433547 0.489953 0.640161 0.523484 0.616276
1 0.401674 0.448228 0.368143 0.472114 0.450932 0.678729 0.484463 0.654843
1 0.365101 0.489394 0.331571 0.513280 0.414360 0.719894 0.447891 0.696009
1 0.300649 0.658602 0.273234 0.693718 0.394949 0.862649 0.422364 0.827533
1 0.265735 0.698329 0.238320 0.733445 0.360035 0.902376 0.387451 0.867260
1 0.236797 0.745463 0.214090 0.774549 0.335805 0.943480 0.358512 0.914395
1 0.519137 0.744703 0.483260 0.761468 0.541367 0.982538 0.577244 0.965774
1 0.473432 0.762314 0.437556 0.779078 0.495663 0.997917 0.531539 0.983384
1 0.620989 0.596216 0.602335 0.563138 0.461914 0.703923 0.480568 0.737001
1 0.297117 0.413653 0.267327 0.418490 0.287207 0.636128 0.316997 0.631290
