1 0.558847 0.410968 0.592076 0.435592 0.506726 0.640347 0.473497 0.615723
1 0.597382 0.450394 0.630611 0.475018 0.545261 0.679773 0.512032 0.655148
1 0.633437 0.492363 0.666666 0.516987 0.581316 0.721742 0.548087 0.697117
1 0.695774 0.662974 0.722749 0.698691 0.598948 0.864906 0.571973 0.829188
1 0.730189 0.703467 0.757163 0.739185 0.633362 0.905400 0.606388 0.869682
1 0.758537 0.751236 0.780879 0.780820 0.657078 0.947034 0.634736 0.917451
1 0.476245 0.744229 0.511908 0.761785 0.451058 0.981539 0.415394 0.963983
1 0.521724 0.762848 0.557387 0.780404 0.496537 0.997917 0.460873 0.982602
1 0.376255 0.593508 0.395318 0.560848 0.533968 0.704720 0.514904 0.737380
1 0.702355 0.418136 0.732080 0.423632 0.709494 0.640800 0.679769 0.635304
