1 0.428091 0.427760 0.398998 0.460388 0.512089 0.639658 0.541182 0.607030
1 0.395909 0.476268 0.366815 0.508896 0.479906 0.688166 0.508999 0.655538
1 0.366524 0.526641 0.337431 0.559269 0.450522 0.738539 0.479615 0.705911
1 0.329756 0.709980 0.308390 0.751905 0.453708 0.883559 0.475074 0.841633
1 0.301771 0.758487 0.280405 0.800413 0.425723 0.932066 0.447089 0.890140
1 0.280782 0.812591 0.263085 0.847317 0.408404 0.978970 0.426100 0.944245
1 0.556881 0.733873 0.524386 0.760182 0.615576 0.960411 0.648070 0.934102
1 0.514903 0.763724 0.482409 0.790033 0.573598 0.990262 0.606093 0.963953
1 0.633457 0.560477 0.610069 0.533269 0.494563 0.709781 0.517952 0.736989
1 0.288247 0.471318 0.259855 0.484277 0.313114 0.691705 0.341506 0.678745
