1 0.588159 0.499454 0.596578 0.548884 0.425251 0.600764 0.416832 0.551334
1 0.591851 0.564030 0.600271 0.613460 0.428943 0.665340 0.420524 0.615910
1 0.592468 0.627841 0.600887 0.677270 0.429560 0.729150 0.421141 0.679720
1 0.538766 0.803595 0.536815 0.854216 0.361356 0.842194 0.363307 0.791573
1 0.539112 0.864792 0.537161 0.915413 0.361702 0.903391 0.363653 0.852770
1 0.531346 0.924819 0.529730 0.966747 0.354272 0.954725 0.355888 0.912797
1 0.346884 0.639816 0.360876 0.686946 0.197518 0.773164 0.183526 0.726034
1 0.366832 0.697403 0.380824 0.744534 0.217466 0.830751 0.203474 0.783621
1 0.364350 0.439945 0.395314 0.437081 0.407472 0.670773 0.376507 0.673637
1 0.679920 0.646747 0.696686 0.679933 0.560307 0.802422 0.543541 0.769236
