1 0.428091 0.570156 0.398998 0.537528 0.512089 0.358258 0.541182 0.390886
1 0.395909 0.521649 0.366815 0.489021 0.479906 0.309751 0.508999 0.342379
1 0.366524 0.471276 0.337431 0.438648 0.450522 0.259378 0.479615 0.292006
1 0.329756 0.287937 0.308390 0.246011 0.453708 0.114358 0.475074 0.156284
1 0.301771 0.239430 0.280405 0.197504 0.425723 0.065851 0.447089 0.107777
1 0.280782 0.185325 0.263085 0.150600 0.408404 0.018946 0.426100 0.053672
1 0.556881 0.264043 0.524386 0.237734 0.615576 0.037506 0.648070 0.063815
1 0.514903 0.234193 0.482409 0.207884 0.573598 0.007655 0.606093 0.033964
1 0.633457 0.437440 0.610069 0.464648 0.494563 0.288136 0.517952 0.260928
1 0.288247 0.526599 0.259855 0.513639 0.313114 0.306212 0.341506 0.319172
