1 0.569651 0.431059 0.597297 0.461868 0.487367 0.637232 0.459721 0.606423
1 0.601255 0.473198 0.628901 0.504008 0.518971 0.679372 0.491326 0.648562
1 0.630429 0.525062 0.658074 0.555871 0.548145 0.731236 0.520499 0.700426
1 0.717727 0.469894 0.746579 0.484598 0.685380 0.698088 0.656528 0.683384
1 0.672460 0.706333 0.693464 0.747702 0.546227 0.880597 0.525223 0.839228
1 0.694340 0.758196 0.715344 0.799566 0.568107 0.932461 0.547103 0.891092
1 0.717436 0.810060 0.738439 0.851429 0.591203 0.984325 0.570199 0.942956
1 0.442761 0.731145 0.474739 0.757179 0.382085 0.959512 0.350106 0.933479
1 0.482875 0.763560 0.514853 0.789594 0.422198 0.991927 0.390220 0.965894
1 0.364593 0.558574 0.388501 0.531430 0.503770 0.711929 0.479861 0.739073
