1 0.425595 0.560544 0.436645 0.606270 0.599798 0.536173 0.588748 0.490447
1 0.443038 0.615413 0.454089 0.661139 0.617242 0.591041 0.606191 0.545315
1 0.468154 0.670924 0.479205 0.716650 0.642358 0.646552 0.631307 0.600826
1 0.397055 0.758131 0.396456 0.799308 0.567838 0.803741 0.568437 0.762565
1 0.578416 0.790864 0.599300 0.832341 0.746920 0.700204 0.726036 0.658727
1 0.606268 0.837361 0.627152 0.878837 0.774771 0.746700 0.753888 0.705223
1 0.633663 0.885359 0.654547 0.926836 0.802167 0.794699 0.781283 0.753222
1 0.681822 0.516265 0.687927 0.565554 0.863351 0.526924 0.857246 0.477635
1 0.689312 0.578003 0.695418 0.627292 0.870842 0.588662 0.864736 0.539373
1 0.591161 0.354922 0.563322 0.374292 0.645579 0.584464 0.673418 0.565094
