1 0.429779 0.429265 0.401694 0.459360 0.509074 0.637511 0.537159 0.607416
1 0.397573 0.470586 0.369488 0.500681 0.476867 0.678832 0.504952 0.648737
1 0.367656 0.521692 0.339571 0.551787 0.446951 0.729938 0.475036 0.699843
1 0.281170 0.464296 0.252111 0.478257 0.310219 0.693277 0.339278 0.679316
1 0.323018 0.701851 0.301422 0.742674 0.446714 0.879321 0.468310 0.838498
1 0.300394 0.753144 0.278797 0.793967 0.424090 0.930614 0.445686 0.889791
1 0.276554 0.804406 0.254958 0.845229 0.400250 0.981876 0.421847 0.941053
1 0.552316 0.732550 0.519969 0.757759 0.609688 0.962431 0.642035 0.937223
1 0.511743 0.763930 0.479395 0.789139 0.569114 0.993811 0.601462 0.968603
1 0.632960 0.562015 0.609447 0.534264 0.491596 0.711773 0.515109 0.739525
