1 0.428787 0.431059 0.401141 0.461868 0.511071 0.637232 0.538716 0.606423
1 0.397182 0.473198 0.369536 0.504008 0.479466 0.679372 0.507112 0.648562
1 0.368009 0.525062 0.340363 0.555871 0.450293 0.731236 0.477938 0.700426
1 0.280711 0.469894 0.251858 0.484598 0.313057 0.698088 0.341910 0.683384
1 0.325978 0.706333 0.304974 0.747702 0.452210 0.880597 0.473214 0.839228
1 0.304098 0.758196 0.283094 0.799566 0.430330 0.932461 0.451334 0.891092
1 0.281002 0.810060 0.259998 0.851429 0.407235 0.984325 0.428238 0.942956
1 0.555676 0.731145 0.523698 0.757179 0.616353 0.959512 0.648331 0.933479
1 0.515563 0.763560 0.483585 0.789594 0.576239 0.991927 0.608218 0.965894
1 0.633845 0.558574 0.609936 0.531430 0.494668 0.711929 0.518576 0.739073
