1 0.553850 0.589088 0.532260 0.627550 0.395027 0.490599 0.416617 0.452138
1 0.523987 0.633428 0.502397 0.671890 0.365164 0.534940 0.386754 0.496478
1 0.486711 0.675054 0.465121 0.713515 0.327888 0.576565 0.349478 0.538104
1 0.532712 0.788323 0.523249 0.827527 0.360078 0.757503 0.369541 0.718299
1 0.353210 0.740743 0.323355 0.770928 0.215925 0.582027 0.245780 0.551843
1 0.315542 0.772658 0.285687 0.802843 0.178257 0.613942 0.208112 0.583758
1 0.277940 0.806191 0.248085 0.836376 0.140655 0.647476 0.170510 0.617291
1 0.322299 0.436251 0.304519 0.480224 0.148015 0.367722 0.165795 0.323748
1 0.300176 0.491398 0.282396 0.535371 0.125891 0.422869 0.143672 0.378896
1 0.447346 0.322915 0.468958 0.353290 0.339965 0.516447 0.318354 0.486072
