1 0.559837 0.272548 0.522998 0.244511 0.614119 0.031656 0.650959 0.059693
1 0.631497 0.432258 0.605930 0.461343 0.493484 0.285617 0.519051 0.256533
1 0.429161 0.571065 0.397665 0.535476 0.512614 0.354621 0.544110 0.390209
1 0.396619 0.521318 0.368124 0.488947 0.481926 0.310860 0.510421 0.343231
1 0.370946 0.475415 0.340618 0.442837 0.449378 0.262839 0.479706 0.295417
1 0.515775 0.238053 0.480119 0.210608 0.572204 0.000000 0.607861 0.025361
1 0.326304 0.293458 0.302658 0.246184 0.453616 0.111947 0.477263 0.159221
1 0.301235 0.238617 0.280252 0.197292 0.429810 0.062289 0.450793 0.103615
1 0.280957 0.186917 0.260647 0.145495 0.406166 0.018646 0.426476 0.060068
1 0.282256 0.534492 0.252895 0.521208 0.307941 0.304924 0.337302 0.318209
