1 0.438600 0.725369 0.475440 0.753406 0.384318 0.966261 0.347479 0.938224
1 0.366940 0.565658 0.392507 0.536574 0.504953 0.712299 0.479386 0.741384
1 0.569277 0.426852 0.600772 0.462440 0.485823 0.643295 0.454327 0.607707
1 0.601819 0.476598 0.630314 0.508970 0.516512 0.687057 0.488017 0.654686
1 0.627492 0.522501 0.657820 0.555080 0.549060 0.735078 0.518731 0.702500
1 0.482662 0.759864 0.518319 0.787308 0.426233 0.997917 0.390577 0.972555
1 0.672133 0.704459 0.695780 0.751733 0.544821 0.885970 0.521175 0.838695
1 0.697202 0.759300 0.718186 0.800625 0.568628 0.935627 0.547644 0.894302
1 0.717480 0.811000 0.737791 0.852422 0.592272 0.979270 0.571961 0.937849
1 0.716181 0.463424 0.745542 0.476709 0.690497 0.692992 0.661136 0.679708
