1 0.352600 0.638877 0.370876 0.689917 0.204994 0.795511 0.186719 0.744471
1 0.362026 0.453193 0.395467 0.448736 0.412700 0.678584 0.379259 0.683041
1 0.587608 0.492980 0.598264 0.546161 0.426492 0.607352 0.415835 0.554171
1 0.593069 0.558588 0.602636 0.606844 0.432990 0.666633 0.423423 0.618377
1 0.594531 0.615815 0.605515 0.665636 0.439194 0.730828 0.428209 0.681008
1 0.374048 0.700713 0.391604 0.750366 0.225001 0.855093 0.207444 0.805440
1 0.553396 0.799236 0.552606 0.856050 0.371187 0.851567 0.371976 0.794754
1 0.550539 0.863348 0.550106 0.913250 0.369509 0.910461 0.369943 0.860559
1 0.545090 0.921237 0.544063 0.970706 0.370271 0.964289 0.371298 0.914820
1 0.692655 0.634706 0.711095 0.667941 0.573385 0.803777 0.554945 0.770542
