1 0.514021 0.738551 0.473006 0.752980 0.519902 0.989959 0.560917 0.975530
1 0.614134 0.608864 0.595053 0.571976 0.452437 0.703120 0.471517 0.740008
1 0.445467 0.405212 0.408156 0.428774 0.484259 0.643022 0.521571 0.619460
1 0.404408 0.442094 0.370618 0.463579 0.446149 0.674758 0.479938 0.653274
1 0.370729 0.477623 0.335128 0.498678 0.405417 0.709971 0.441018 0.688917
1 0.464780 0.756738 0.425023 0.771001 0.472881 0.997917 0.512638 0.993890
1 0.292421 0.638090 0.260435 0.675641 0.380343 0.857221 0.412329 0.819671
1 0.257598 0.682463 0.229335 0.715181 0.347742 0.897020 0.376005 0.864302
1 0.228010 0.725448 0.200379 0.758490 0.316460 0.931062 0.344091 0.898020
1 0.296456 0.390063 0.265519 0.392808 0.276895 0.620701 0.307832 0.617955
