1 0.576960 0.715868 0.617842 0.700782 0.666874 0.936990 0.625992 0.952077
1 0.441479 0.671089 0.444024 0.626407 0.616771 0.643894 0.614227 0.688576
1 0.510229 0.381872 0.551362 0.377162 0.566574 0.613356 0.525441 0.618066
1 0.559633 0.386151 0.596939 0.382013 0.611487 0.615171 0.574181 0.619309
1 0.602150 0.394219 0.640859 0.388492 0.659977 0.618228 0.621268 0.623955
1 0.626369 0.698502 0.666101 0.684117 0.714366 0.921122 0.674634 0.935507
1 0.730426 0.480234 0.772245 0.491185 0.737273 0.728584 0.695455 0.717632
1 0.777273 0.495172 0.814050 0.504450 0.780473 0.741064 0.743697 0.731786
1 0.819073 0.512429 0.855426 0.522412 0.820358 0.749458 0.784005 0.739476
1 0.633225 0.268691 0.660986 0.250282 0.737268 0.454783 0.709506 0.473192
