1 0.563108 0.723764 0.604792 0.713281 0.638862 0.954123 0.597179 0.964606
1 0.430904 0.664061 0.436237 0.619818 0.607286 0.656473 0.601953 0.700716
1 0.517522 0.383506 0.558806 0.383391 0.559177 0.620454 0.517892 0.620569
1 0.566485 0.393269 0.603920 0.393298 0.603819 0.627261 0.566384 0.627233
1 0.608349 0.406042 0.647281 0.404644 0.651948 0.635706 0.613016 0.637104
1 0.613431 0.711958 0.653925 0.702046 0.687183 0.943597 0.646688 0.953508
1 0.730791 0.506035 0.771778 0.521603 0.722065 0.754280 0.681078 0.738712
1 0.776540 0.526136 0.812607 0.539475 0.764333 0.771525 0.728265 0.758186
1 0.817113 0.547985 0.852714 0.561979 0.803553 0.784329 0.767951 0.770336
1 0.647174 0.284411 0.675992 0.269156 0.739203 0.481434 0.710385 0.496689
