1 0.559837 0.725369 0.522998 0.753406 0.614119 0.966261 0.650959 0.938224
1 0.631497 0.565658 0.605930 0.536574 0.493484 0.712299 0.519051 0.741384
1 0.429161 0.426852 0.397665 0.462440 0.512614 0.643295 0.544110 0.607707
1 0.396619 0.476598 0.368124 0.508970 0.481926 0.687057 0.510421 0.654686
1 0.370946 0.522501 0.340618 0.555080 0.449378 0.735078 0.479706 0.702500
1 0.515775 0.759864 0.480119 0.787308 0.572204 0.997917 0.607861 0.972555
1 0.326304 0.704459 0.302658 0.751733 0.453616 0.885970 0.477263 0.838695
1 0.301235 0.759300 0.280252 0.800625 0.429810 0.935627 0.450793 0.894302
1 0.280957 0.811000 0.260647 0.852422 0.406166 0.979270 0.426476 0.937849
1 0.282256 0.463424 0.252895 0.476709 0.307941 0.692992 0.337302 0.679708
