1 0.397559 0.366257 0.412147 0.407569 0.570650 0.308068 0.556062 0.266756
1 0.540387 0.600097 0.580015 0.584101 0.530095 0.364230 0.490466 0.380226
1 0.584906 0.578133 0.622833 0.563759 0.574546 0.337270 0.536620 0.351644
1 0.625258 0.544493 0.656497 0.533350 0.611335 0.308277 0.580096 0.319421
1 0.679447 0.640943 0.719684 0.644907 0.732083 0.421155 0.691847 0.417191
1 0.514505 0.263092 0.555384 0.257369 0.535805 0.008722 0.494925 0.014444
1 0.563641 0.249879 0.603823 0.243330 0.581577 0.000664 0.541395 0.007213
1 0.718601 0.399611 0.753082 0.369932 0.656446 0.170331 0.621964 0.200010
1 0.758155 0.364179 0.790820 0.335944 0.693382 0.135538 0.660717 0.163773
1 0.795521 0.329805 0.824947 0.304437 0.728869 0.106308 0.699443 0.131676
