1 0.610398 0.380604 0.592760 0.419744 0.442591 0.299436 0.460230 0.260296
1 0.450610 0.594045 0.412394 0.572802 0.478691 0.360765 0.516908 0.382008
1 0.407980 0.566207 0.371334 0.546805 0.436506 0.327964 0.473152 0.347366
1 0.370378 0.527312 0.340141 0.512024 0.402097 0.294173 0.432334 0.309460
1 0.309170 0.615983 0.268838 0.614516 0.273427 0.390237 0.313758 0.391704
1 0.501852 0.262239 0.461614 0.251048 0.499902 0.006301 0.540140 0.017492
1 0.453966 0.242486 0.414484 0.230567 0.454972 0.000000 0.494454 0.004049
1 0.288470 0.370616 0.256409 0.336452 0.367652 0.150864 0.399712 0.185028
1 0.251798 0.330045 0.221435 0.297562 0.333535 0.111281 0.363898 0.143765
1 0.217223 0.290822 0.189866 0.261627 0.300441 0.077428 0.327798 0.106624
