1 0.517745 0.687034 0.525398 0.642527 0.354637 0.590324 0.346984 0.634831
1 0.513664 0.385508 0.475084 0.365470 0.412546 0.579527 0.451126 0.599566
1 0.468473 0.366139 0.431982 0.346226 0.365093 0.564144 0.401585 0.584057
1 0.421153 0.359385 0.391419 0.342436 0.322728 0.556668 0.352463 0.573617
1 0.423185 0.238904 0.393368 0.202664 0.280007 0.368474 0.309824 0.404715
1 0.377979 0.671922 0.343171 0.642773 0.243440 0.854492 0.278247 0.883641
1 0.333207 0.641868 0.298565 0.613943 0.203701 0.823151 0.238343 0.851077
1 0.280638 0.396520 0.239770 0.391483 0.223368 0.628051 0.264235 0.633088
1 0.233115 0.391833 0.194345 0.387155 0.178200 0.625015 0.216970 0.629694
1 0.187805 0.388115 0.152910 0.383848 0.136750 0.618798 0.171644 0.623065
