1 0.366847 0.429447 0.401087 0.430324 0.397722 0.663871 0.363482 0.662994
1 0.585272 0.507745 0.590511 0.562507 0.419602 0.591572 0.414363 0.536810
1 0.588423 0.570897 0.594076 0.622926 0.419304 0.656684 0.413651 0.604655
1 0.581878 0.633748 0.587011 0.676318 0.414485 0.713299 0.409353 0.670729
1 0.670042 0.660295 0.689192 0.707644 0.541084 0.814139 0.521933 0.766790
1 0.343997 0.613915 0.356779 0.666003 0.178565 0.743749 0.165783 0.691661
1 0.355024 0.679111 0.366956 0.730689 0.191747 0.802746 0.179816 0.751169
1 0.520828 0.806532 0.514597 0.860620 0.338480 0.824551 0.344711 0.770463
1 0.512731 0.869144 0.506746 0.920432 0.329751 0.883717 0.335736 0.832429
1 0.504464 0.928660 0.499118 0.974835 0.324237 0.938845 0.329583 0.892670
