1 0.365976 0.565447 0.391856 0.535542 0.506595 0.712062 0.480715 0.741968
1 0.567564 0.428689 0.598947 0.464701 0.486557 0.638821 0.455175 0.602809
1 0.601607 0.472797 0.631926 0.506408 0.519022 0.687462 0.488704 0.653851
1 0.628296 0.525334 0.653479 0.552382 0.543863 0.733826 0.518679 0.706779
1 0.707125 0.466378 0.745122 0.484466 0.688542 0.695766 0.650545 0.677678
1 0.441601 0.722893 0.477246 0.750185 0.383867 0.966993 0.348222 0.939700
1 0.482523 0.761490 0.517279 0.789163 0.423277 0.997917 0.388521 0.971389
1 0.669674 0.708191 0.692197 0.753938 0.543241 0.884312 0.520718 0.838566
1 0.695089 0.761936 0.716389 0.805382 0.566456 0.936060 0.545156 0.892615
1 0.718824 0.813533 0.738032 0.852609 0.590034 0.981939 0.570826 0.942863
