1 0.365976 0.432469 0.391856 0.462375 0.506595 0.285854 0.480715 0.255949
1 0.567564 0.569227 0.598947 0.533216 0.486557 0.359096 0.455175 0.395108
1 0.601607 0.525120 0.631926 0.491508 0.519022 0.310455 0.488704 0.344066
1 0.628296 0.472582 0.653479 0.445535 0.543863 0.264091 0.518679 0.291138
1 0.707125 0.531538 0.745122 0.513450 0.688542 0.302151 0.650545 0.320239
1 0.441601 0.275024 0.477246 0.247731 0.383867 0.030924 0.348222 0.058216
1 0.482523 0.236426 0.517279 0.208754 0.423277 0.000000 0.388521 0.026528
1 0.669674 0.289726 0.692197 0.243979 0.543241 0.113604 0.520718 0.159351
1 0.695089 0.235980 0.716389 0.192535 0.566456 0.061856 0.545156 0.105302
1 0.718824 0.184384 0.738032 0.145307 0.590034 0.015977 0.570826 0.055054
