1 0.461960 0.606596 0.426403 0.597778 0.457960 0.371552 0.493518 0.380370
1 0.419662 0.587847 0.383336 0.579437 0.413233 0.349885 0.449558 0.358296
1 0.376605 0.563668 0.338678 0.555613 0.365890 0.327835 0.403817 0.335890
1 0.325119 0.659697 0.295546 0.667776 0.264078 0.463010 0.293652 0.454931
1 0.582680 0.356642 0.573215 0.392595 0.415022 0.318558 0.424487 0.282605
1 0.460549 0.262916 0.422545 0.263208 0.421533 0.029203 0.459537 0.028910
1 0.413899 0.262029 0.371712 0.262353 0.370697 0.027460 0.412884 0.027136
1 0.272995 0.430372 0.238159 0.408326 0.312306 0.200031 0.347143 0.222077
1 0.228893 0.403898 0.197694 0.384047 0.272666 0.174574 0.303865 0.194425
1 0.190627 0.371640 0.160797 0.352200 0.235552 0.148270 0.265382 0.167710
