1 0.426144 0.431427 0.398863 0.463086 0.512165 0.636656 0.539446 0.604996
1 0.396834 0.476204 0.368736 0.508033 0.481873 0.685592 0.509972 0.653763
1 0.368939 0.526175 0.339325 0.558781 0.449474 0.736628 0.479088 0.704022
1 0.288024 0.478273 0.259467 0.491324 0.310296 0.689052 0.338853 0.676001
1 0.625304 0.565105 0.603463 0.540532 0.495339 0.711374 0.517180 0.735948
1 0.555747 0.728509 0.522891 0.753974 0.611091 0.956287 0.643948 0.930822
1 0.515890 0.760841 0.479416 0.789109 0.567952 0.992190 0.604425 0.963921
1 0.330403 0.711140 0.308778 0.753709 0.451952 0.883009 0.473577 0.840440
1 0.302480 0.763794 0.283154 0.802011 0.427487 0.931768 0.446813 0.893551
1 0.281787 0.817484 0.263484 0.854420 0.405520 0.979547 0.423823 0.942612
