1 0.506193 0.617142 0.541839 0.625300 0.571034 0.398511 0.535388 0.390353
1 0.550743 0.619099 0.587004 0.627994 0.618622 0.398853 0.582361 0.389958
1 0.597416 0.616313 0.635087 0.626281 0.668762 0.400044 0.631092 0.390076
1 0.620753 0.730180 0.646394 0.751424 0.729132 0.573886 0.703491 0.552643
1 0.457918 0.326897 0.457452 0.364996 0.625086 0.368641 0.625552 0.330542
1 0.596841 0.295410 0.632414 0.313244 0.694183 0.094207 0.658611 0.076373
1 0.640831 0.316133 0.680319 0.335930 0.742323 0.116061 0.702834 0.096265
1 0.729250 0.539150 0.767658 0.534567 0.752243 0.304919 0.713835 0.309502
1 0.777500 0.534695 0.811925 0.530490 0.796043 0.299355 0.761618 0.303560
1 0.821780 0.522117 0.854814 0.517665 0.837694 0.291831 0.804660 0.296283
