1 0.572294 0.431427 0.599575 0.463086 0.486272 0.636656 0.458991 0.604996
1 0.601603 0.476204 0.629701 0.508033 0.516564 0.685592 0.488466 0.653763
1 0.629499 0.526175 0.659112 0.558781 0.548963 0.736628 0.519350 0.704022
1 0.710413 0.478273 0.738971 0.491324 0.688141 0.689052 0.659584 0.676001
1 0.373134 0.565105 0.394974 0.540532 0.503098 0.711374 0.481258 0.735948
1 0.442690 0.728509 0.475547 0.753974 0.387347 0.956287 0.354490 0.930822
1 0.482548 0.760841 0.519021 0.789109 0.430486 0.992190 0.394013 0.963921
1 0.668034 0.711140 0.689659 0.753709 0.546485 0.883009 0.524861 0.840440
1 0.695958 0.763794 0.715284 0.802011 0.570951 0.931768 0.551624 0.893551
1 0.716651 0.817484 0.734954 0.854420 0.592918 0.979547 0.574615 0.942612
