1 0.410327 0.496463 0.400695 0.542945 0.567042 0.604223 0.576674 0.557742
1 0.404438 0.555375 0.394195 0.602599 0.562057 0.667325 0.572299 0.620101
1 0.401878 0.617575 0.390694 0.666562 0.556184 0.733729 0.567367 0.684741
1 0.314580 0.637217 0.296177 0.669124 0.420447 0.796543 0.438849 0.764635
1 0.631731 0.461267 0.603345 0.456862 0.583961 0.678904 0.612347 0.683309
1 0.641420 0.648711 0.624574 0.694133 0.781899 0.797858 0.798744 0.752435
1 0.621582 0.705013 0.602882 0.755436 0.760804 0.859553 0.779503 0.809130
1 0.446358 0.800153 0.445961 0.851565 0.618876 0.853941 0.619273 0.802529
1 0.444887 0.864610 0.444603 0.910701 0.618674 0.912605 0.618958 0.866514
1 0.449872 0.924607 0.449911 0.968877 0.620149 0.968613 0.620111 0.924343
