1 0.540473 0.393944 0.513547 0.361749 0.398329 0.533062 0.425256 0.565257
1 0.503533 0.360682 0.476380 0.327427 0.358173 0.499014 0.385326 0.532269
1 0.462902 0.329931 0.434984 0.294768 0.316194 0.462436 0.344112 0.497600
1 0.488581 0.216963 0.475347 0.180786 0.334447 0.272415 0.347681 0.308593
1 0.465529 0.673944 0.481127 0.642015 0.340644 0.520010 0.325046 0.551938
1 0.335337 0.602052 0.312334 0.561716 0.172628 0.703359 0.195632 0.743694
1 0.306360 0.553299 0.280824 0.508524 0.140589 0.650704 0.166125 0.695480
1 0.320486 0.301743 0.286137 0.278378 0.207551 0.483759 0.241900 0.507125
1 0.277855 0.271287 0.247028 0.250426 0.168245 0.457398 0.199071 0.478259
1 0.235343 0.250525 0.205596 0.230860 0.129976 0.434222 0.159723 0.453887
