1 0.586701 0.477792 0.601713 0.521664 0.444703 0.617175 0.429691 0.573302
1 0.599489 0.534726 0.615193 0.579203 0.457094 0.678436 0.441391 0.633959
1 0.609379 0.595608 0.626220 0.641629 0.470753 0.742773 0.453911 0.696752
1 0.697907 0.596636 0.719855 0.624272 0.612223 0.776241 0.590275 0.748605
1 0.363906 0.489620 0.391415 0.479298 0.436835 0.694479 0.409326 0.704802
1 0.376523 0.676754 0.398533 0.718063 0.255455 0.853589 0.233445 0.812279
1 0.402776 0.728177 0.427208 0.774033 0.283588 0.910072 0.259155 0.864216
1 0.587063 0.785257 0.593540 0.835941 0.423073 0.874669 0.416596 0.823985
1 0.596145 0.848597 0.601880 0.894051 0.430215 0.932556 0.424480 0.887102
1 0.598323 0.908892 0.603524 0.952615 0.435387 0.988172 0.430186 0.944449
