1 0.520494 0.614063 0.556660 0.614395 0.557848 0.384295 0.521681 0.383963
1 0.564691 0.606349 0.601554 0.607275 0.604845 0.374329 0.567982 0.373403
1 0.610406 0.593494 0.648790 0.595174 0.654465 0.364648 0.616081 0.362968
1 0.647300 0.700798 0.675188 0.716207 0.735206 0.523112 0.707318 0.507702
1 0.437511 0.338123 0.441691 0.375817 0.607544 0.343118 0.603364 0.305424
1 0.570756 0.276975 0.608028 0.286870 0.642301 0.057366 0.605028 0.047471
1 0.616685 0.287899 0.658060 0.298883 0.692463 0.068508 0.651088 0.057524
1 0.731092 0.488811 0.768432 0.475973 0.725252 0.252711 0.687913 0.265549
1 0.778159 0.473968 0.811615 0.462365 0.767794 0.237737 0.734337 0.249340
1 0.820319 0.451970 0.852372 0.440425 0.807975 0.221295 0.775922 0.232840
