1 0.587906 0.490548 0.599266 0.536330 0.435422 0.608608 0.424062 0.562825
1 0.595995 0.548994 0.607993 0.595477 0.442765 0.671298 0.430766 0.624815
1 0.600881 0.610946 0.613885 0.659127 0.451117 0.737229 0.438113 0.689047
1 0.688805 0.624751 0.708380 0.655393 0.589037 0.790927 0.569463 0.760285
1 0.365460 0.470137 0.393646 0.463847 0.421321 0.684322 0.393135 0.690612
1 0.362804 0.657992 0.381329 0.702236 0.228085 0.816305 0.209560 0.772061
1 0.384725 0.712903 0.405290 0.762017 0.251465 0.876519 0.230900 0.827405
1 0.563293 0.796257 0.565616 0.847579 0.393005 0.861465 0.390683 0.810143
1 0.567177 0.860536 0.569186 0.906551 0.395404 0.920042 0.393394 0.874028
1 0.564445 0.920791 0.566064 0.965008 0.396028 0.976078 0.394409 0.931861
