1 0.548697 0.404704 0.580504 0.420393 0.521705 0.632300 0.489899 0.616611
1 0.588848 0.433604 0.620655 0.449293 0.561856 0.661201 0.530050 0.645511
1 0.629413 0.464028 0.661219 0.479718 0.602421 0.691625 0.570615 0.675936
1 0.692357 0.377093 0.720879 0.376267 0.724560 0.602158 0.696037 0.602984
1 0.713956 0.619220 0.744158 0.649176 0.639177 0.837335 0.608976 0.807379
1 0.749632 0.655448 0.779833 0.685405 0.674852 0.873564 0.644651 0.843607
1 0.784990 0.695276 0.811675 0.721744 0.706694 0.909903 0.680010 0.883435
1 0.505172 0.743590 0.541454 0.753308 0.506817 0.983229 0.470535 0.973512
1 0.551891 0.753813 0.588174 0.763531 0.552389 0.997917 0.516107 0.991352
1 0.391886 0.622067 0.407038 0.585015 0.556647 0.693780 0.541495 0.730832
