1 0.576955 0.449028 0.598939 0.483459 0.469905 0.629922 0.447922 0.595491
1 0.601370 0.500424 0.623353 0.534855 0.494319 0.681318 0.472336 0.646887
1 0.625585 0.553419 0.647568 0.587850 0.518535 0.734313 0.496551 0.699882
1 0.712380 0.518656 0.737559 0.536540 0.657886 0.735954 0.632707 0.718069
1 0.642378 0.743918 0.657727 0.789745 0.497128 0.885371 0.481779 0.839544
1 0.660200 0.798786 0.675549 0.844613 0.514950 0.940239 0.499601 0.894412
1 0.676425 0.856586 0.689987 0.897077 0.529388 0.992703 0.515826 0.952212
1 0.414651 0.716199 0.442730 0.748341 0.328159 0.926276 0.300080 0.894134
1 0.451647 0.755591 0.479726 0.787732 0.361359 0.971562 0.333280 0.939420
1 0.360437 0.536316 0.387247 0.513885 0.477821 0.706334 0.451012 0.728766
