1 0.559075 0.581825 0.541411 0.620424 0.396755 0.502738 0.414419 0.464138
1 0.530083 0.628802 0.512419 0.667401 0.367762 0.549715 0.385427 0.511116
1 0.499889 0.676027 0.482225 0.714627 0.337569 0.596940 0.355233 0.558341
1 0.551769 0.775105 0.546892 0.812584 0.379928 0.773958 0.384805 0.736479
1 0.369409 0.756803 0.341553 0.790559 0.223257 0.617012 0.251113 0.583256
1 0.335885 0.796515 0.308029 0.830271 0.189733 0.656724 0.217589 0.622968
1 0.299772 0.835120 0.275159 0.864946 0.156863 0.691399 0.181476 0.661574
1 0.318025 0.459701 0.303895 0.505307 0.141334 0.415769 0.155464 0.370164
1 0.301516 0.518865 0.287386 0.564470 0.119440 0.471967 0.133569 0.426362
1 0.429252 0.334844 0.453608 0.361795 0.344786 0.536633 0.320430 0.509682
