1 0.559581 0.581170 0.589037 0.558763 0.505066 0.362510 0.475610 0.384916
1 0.595651 0.543912 0.625108 0.521506 0.541137 0.325252 0.511681 0.347659
1 0.631943 0.505061 0.661400 0.482655 0.577429 0.286401 0.547972 0.308808
1 0.704693 0.577119 0.732933 0.571721 0.708889 0.348063 0.680648 0.353461
1 0.696337 0.333539 0.722463 0.297407 0.595839 0.134642 0.569714 0.170774
1 0.727095 0.290028 0.753220 0.253895 0.626596 0.091130 0.600471 0.127262
1 0.757099 0.243033 0.780182 0.211108 0.653559 0.048343 0.630475 0.080268
1 0.475119 0.256316 0.509724 0.238826 0.447383 0.019538 0.412778 0.037028
1 0.519959 0.236054 0.554563 0.218565 0.490157 0.000000 0.455552 0.009501
1 0.378245 0.400882 0.397733 0.434135 0.532006 0.294245 0.512518 0.260991
