1 0.423681 0.554565 0.400298 0.521815 0.523035 0.366027 0.546417 0.398778
1 0.397164 0.505056 0.373781 0.472305 0.496518 0.316518 0.519901 0.349268
1 0.370780 0.453935 0.347397 0.421184 0.470134 0.265397 0.493517 0.298147
1 0.285566 0.495069 0.259681 0.479075 0.330929 0.274072 0.356814 0.290065
1 0.346082 0.264972 0.328849 0.220352 0.485218 0.112987 0.502451 0.157607
1 0.326003 0.211508 0.308770 0.166888 0.465140 0.059523 0.482373 0.104143
1 0.307397 0.154998 0.292170 0.115573 0.448540 0.008208 0.463766 0.047632
1 0.574612 0.275793 0.545238 0.245779 0.652224 0.059639 0.681598 0.089653
1 0.536033 0.239201 0.506659 0.209187 0.617190 0.016880 0.646564 0.046894
1 0.636231 0.451386 0.610397 0.475768 0.511949 0.290319 0.537784 0.265937
