1 0.569380 0.431989 0.595467 0.460882 0.487188 0.634685 0.461101 0.605792
1 0.600044 0.477040 0.626131 0.505933 0.517852 0.679736 0.491765 0.650843
1 0.630718 0.523711 0.656805 0.552604 0.548526 0.726407 0.522439 0.697514
1 0.711755 0.469613 0.738862 0.481474 0.686023 0.696153 0.658917 0.684293
1 0.671769 0.707547 0.692786 0.749184 0.546870 0.880122 0.525853 0.838485
1 0.696386 0.757525 0.717402 0.799163 0.571486 0.930101 0.550469 0.888464
1 0.719806 0.810758 0.738376 0.847548 0.592459 0.978486 0.573889 0.941696
1 0.443852 0.732321 0.475649 0.757565 0.385667 0.959065 0.353869 0.933821
1 0.485367 0.762667 0.517164 0.787911 0.424201 0.996086 0.392403 0.970843
1 0.367300 0.567502 0.390826 0.539272 0.504817 0.708154 0.481290 0.736385
