1 0.510325 0.384867 0.478899 0.367868 0.415195 0.577239 0.446620 0.594237
1 0.466056 0.370126 0.434631 0.353127 0.370926 0.562498 0.402352 0.579497
1 0.420712 0.356139 0.389287 0.339141 0.325582 0.548511 0.357008 0.565510
1 0.418172 0.235351 0.397522 0.209105 0.280598 0.372649 0.301248 0.398895
1 0.279804 0.394782 0.242351 0.389764 0.224765 0.623102 0.262218 0.628120
1 0.235137 0.389476 0.197683 0.384458 0.180098 0.617797 0.217551 0.622815
1 0.188883 0.387114 0.155791 0.382680 0.138205 0.616019 0.171298 0.620452
1 0.371142 0.674303 0.339429 0.648869 0.248771 0.849830 0.280483 0.875263
1 0.331464 0.639862 0.299752 0.614429 0.206090 0.822047 0.237802 0.847480
1 0.516258 0.686362 0.523799 0.645376 0.358303 0.591245 0.350762 0.632231
