1 0.428652 0.565166 0.402742 0.535992 0.512075 0.363366 0.537986 0.392540
1 0.398263 0.519785 0.372353 0.490611 0.481686 0.317986 0.507597 0.347160
1 0.367874 0.472784 0.341964 0.443610 0.451297 0.270984 0.477208 0.300158
1 0.286511 0.526004 0.259477 0.513850 0.313621 0.299749 0.340654 0.311902
1 0.327943 0.288510 0.307180 0.246647 0.453889 0.117291 0.474652 0.159155
1 0.303632 0.238267 0.282869 0.196404 0.429578 0.067048 0.450340 0.108912
1 0.280536 0.184782 0.262191 0.147793 0.408899 0.018438 0.427245 0.055427
1 0.556004 0.266202 0.524361 0.240616 0.615567 0.040096 0.647210 0.065683
1 0.514675 0.235408 0.483032 0.209821 0.577260 0.002658 0.608903 0.028245
1 0.631550 0.431844 0.607853 0.459819 0.494894 0.289709 0.518592 0.261734
