1 0.428652 0.432751 0.402742 0.461925 0.512075 0.634550 0.537986 0.605376
1 0.398263 0.478132 0.372353 0.507305 0.481686 0.679931 0.507597 0.650757
1 0.367874 0.525133 0.341964 0.554307 0.451297 0.726933 0.477208 0.697759
1 0.286511 0.471913 0.259477 0.484067 0.313621 0.698168 0.340654 0.686014
1 0.327943 0.709407 0.307180 0.751270 0.453889 0.880625 0.474652 0.838762
1 0.303632 0.759650 0.282869 0.801513 0.429578 0.930868 0.450340 0.889005
1 0.280536 0.813134 0.262191 0.850123 0.408899 0.979479 0.427245 0.942490
1 0.556004 0.731714 0.524361 0.757301 0.615567 0.957821 0.647210 0.932234
1 0.514675 0.762508 0.483032 0.788095 0.577260 0.995258 0.608903 0.969672
1 0.631550 0.566073 0.607853 0.538098 0.494894 0.708208 0.518592 0.736183
