1 0.521045 0.612087 0.519737 0.555026 0.339703 0.562366 0.341011 0.619427
1 0.526366 0.313994 0.525870 0.256910 0.345764 0.259693 0.346260 0.316777
1 0.325047 0.637691 0.324521 0.577217 0.136883 0.580116 0.137408 0.640590
1 0.324468 0.576775 0.324731 0.518264 0.137164 0.516767 0.136902 0.575278
1 0.504969 0.317266 0.457729 0.318090 0.460024 0.552174 0.507264 0.551351
1 0.456259 0.319625 0.411967 0.320397 0.414261 0.554481 0.458553 0.553709
1 0.409579 0.315840 0.368303 0.316559 0.370640 0.554995 0.411916 0.554276
1 0.321602 0.265586 0.274372 0.264065 0.269872 0.512354 0.317102 0.513876
1 0.272793 0.265981 0.231442 0.264648 0.226942 0.512938 0.268293 0.514270
1 0.227426 0.268462 0.186164 0.266867 0.180979 0.505223 0.222241 0.506819
