1 0.479992 0.612923 0.498325 0.561333 0.335554 0.458501 0.317221 0.510091
1 0.586588 0.350798 0.605652 0.299682 0.444374 0.192749 0.425310 0.243865
1 0.296768 0.516650 0.316965 0.462499 0.148942 0.351093 0.128745 0.405245
1 0.317069 0.462073 0.337296 0.410147 0.170839 0.294872 0.150612 0.346799
1 0.566423 0.340713 0.524089 0.312748 0.446144 0.522520 0.488478 0.550484
1 0.522255 0.313222 0.482564 0.287003 0.404619 0.496774 0.444310 0.522993
1 0.481995 0.281495 0.445007 0.257062 0.365612 0.470733 0.402601 0.495167
1 0.420852 0.183317 0.379328 0.153271 0.290481 0.371561 0.332004 0.401607
1 0.377268 0.154018 0.340914 0.127712 0.252066 0.346002 0.288421 0.372307
1 0.336035 0.128668 0.299850 0.102182 0.213787 0.311213 0.249972 0.337699
