1 0.427429 0.432004 0.467044 0.453664 0.398704 0.675864 0.359090 0.654204
1 0.638645 0.529979 0.678561 0.550633 0.613397 0.774522 0.573481 0.753869
1 0.340661 0.667726 0.382946 0.689606 0.315057 0.922860 0.272771 0.900980
1 0.383238 0.689827 0.424423 0.710034 0.359645 0.944741 0.318461 0.924534
1 0.628838 0.555545 0.611680 0.614236 0.448090 0.529217 0.465247 0.470526
1 0.610086 0.615534 0.593999 0.670562 0.430409 0.585543 0.446496 0.530515
1 0.596362 0.675143 0.581371 0.726424 0.414738 0.639824 0.429730 0.588543
1 0.600778 0.802621 0.585271 0.862123 0.409319 0.780601 0.424827 0.721099
1 0.583371 0.863422 0.569794 0.915516 0.393843 0.833995 0.407420 0.781900
1 0.565706 0.919192 0.552346 0.971268 0.383130 0.894089 0.396490 0.842012
