1 0.411621 0.500842 0.453540 0.512468 0.490222 0.277344 0.448303 0.265718
1 0.627769 0.577341 0.669514 0.590026 0.709538 0.355873 0.667792 0.343188
1 0.438712 0.240756 0.482937 0.254194 0.524633 0.010247 0.480409 0.000000
1 0.483271 0.254229 0.525880 0.268231 0.570766 0.025404 0.528157 0.011402
1 0.630379 0.548836 0.640808 0.487398 0.469562 0.435718 0.459132 0.497156
1 0.640032 0.485133 0.649811 0.427530 0.478564 0.375849 0.468785 0.433453
1 0.653692 0.425498 0.662804 0.371817 0.488374 0.319175 0.479261 0.372856
1 0.710881 0.323171 0.723019 0.262293 0.542999 0.198487 0.530861 0.259365
1 0.721990 0.259799 0.732616 0.206499 0.552597 0.142693 0.541970 0.195993
1 0.730772 0.200402 0.741570 0.147280 0.568955 0.084904 0.558157 0.138027
