1 0.413108 0.477448 0.455896 0.475392 0.462382 0.715394 0.419594 0.717450
1 0.635828 0.450534 0.678579 0.447396 0.688481 0.687190 0.645730 0.690329
1 0.406989 0.739904 0.452279 0.736580 0.462595 0.986403 0.417306 0.989728
1 0.452613 0.736620 0.496382 0.732378 0.509983 0.981813 0.466214 0.986055
1 0.634803 0.479218 0.637330 0.542120 0.462004 0.554643 0.459476 0.491741
1 0.636279 0.544179 0.638649 0.603155 0.463322 0.615678 0.460953 0.556702
1 0.642218 0.606028 0.644426 0.660989 0.465840 0.673745 0.463631 0.618785
1 0.685679 0.719727 0.689960 0.782460 0.504455 0.804968 0.500173 0.742235
1 0.688631 0.784688 0.692380 0.839612 0.506874 0.862119 0.503126 0.807196
1 0.689793 0.845208 0.693732 0.899996 0.515706 0.922754 0.511766 0.867967
