1 0.585330 0.477448 0.542542 0.475392 0.536055 0.715394 0.578843 0.717450
1 0.362610 0.450534 0.319858 0.447396 0.309956 0.687190 0.352708 0.690329
1 0.591448 0.739904 0.546158 0.736580 0.535842 0.986403 0.581132 0.989728
1 0.545824 0.736620 0.502055 0.732378 0.488454 0.981813 0.532223 0.986055
1 0.363634 0.479218 0.361107 0.542120 0.536434 0.554643 0.538961 0.491741
1 0.362158 0.544179 0.359788 0.603155 0.535115 0.615678 0.537485 0.556702
1 0.356219 0.606028 0.354011 0.660989 0.532598 0.673745 0.534806 0.618785
1 0.312759 0.719727 0.308477 0.782460 0.493983 0.804968 0.498264 0.742235
1 0.309806 0.784688 0.306058 0.839612 0.491563 0.862119 0.495311 0.807196
1 0.308645 0.845208 0.304705 0.899996 0.482731 0.922754 0.486671 0.867967
