1 0.429775 0.427742 0.468614 0.451769 0.392804 0.669619 0.353965 0.645592
1 0.637450 0.538358 0.676624 0.561398 0.603930 0.781128 0.564756 0.758087
1 0.335096 0.657989 0.376596 0.682397 0.300862 0.911316 0.259362 0.886908
1 0.376880 0.682636 0.417337 0.705306 0.344662 0.935865 0.304206 0.913194
1 0.626785 0.563306 0.607654 0.620902 0.447116 0.526102 0.466247 0.468506
1 0.606017 0.622102 0.588080 0.676104 0.427541 0.581304 0.445479 0.527302
1 0.590284 0.680822 0.573568 0.731147 0.410045 0.634584 0.426761 0.584260
1 0.590370 0.808436 0.572860 0.866942 0.399855 0.774890 0.417365 0.716384
1 0.570918 0.868125 0.555587 0.919347 0.382582 0.827295 0.397913 0.776073
1 0.551379 0.922772 0.536265 0.973989 0.369841 0.886681 0.384955 0.835464
