1 0.469225 0.608711 0.492353 0.560669 0.340774 0.430942 0.317646 0.478985
1 0.600074 0.366902 0.623882 0.319454 0.474177 0.185914 0.450369 0.233362
1 0.296733 0.482005 0.321954 0.431739 0.165988 0.292614 0.140767 0.342880
1 0.322098 0.431335 0.347137 0.383282 0.193096 0.240586 0.168057 0.288639
1 0.581041 0.353463 0.541735 0.318514 0.444321 0.513282 0.483627 0.548231
1 0.539871 0.318671 0.503018 0.285903 0.405604 0.480671 0.442457 0.513439
1 0.502982 0.280344 0.468639 0.249807 0.369414 0.448197 0.403757 0.478733
1 0.451751 0.172551 0.413448 0.135675 0.304405 0.337034 0.342708 0.373910
1 0.411333 0.136065 0.377799 0.103780 0.268755 0.305138 0.302290 0.337423
1 0.372869 0.103896 0.339519 0.071461 0.234125 0.264111 0.267474 0.296547
