1 0.581417 0.539374 0.545475 0.508351 0.447595 0.709953 0.483537 0.740976
1 0.400567 0.363976 0.365073 0.332049 0.264340 0.531138 0.299835 0.563065
1 0.485722 0.768872 0.448120 0.735049 0.343174 0.942465 0.380776 0.976287
1 0.447817 0.734856 0.411874 0.701285 0.304258 0.906121 0.340201 0.939692
1 0.390414 0.389301 0.364051 0.441573 0.509749 0.572210 0.536113 0.519938
1 0.364161 0.444059 0.339443 0.493069 0.485142 0.623706 0.509860 0.574696
1 0.335274 0.493096 0.312239 0.538768 0.460646 0.671834 0.483681 0.626161
1 0.254232 0.560987 0.226427 0.611915 0.377024 0.758083 0.404828 0.707155
1 0.226711 0.614736 0.202368 0.659324 0.352964 0.805492 0.377308 0.760904
1 0.202436 0.665897 0.177981 0.710238 0.322060 0.851507 0.346516 0.807167
