1 0.489192 0.382914 0.484640 0.439678 0.663737 0.465211 0.668289 0.408446
1 0.453368 0.677240 0.448009 0.733879 0.626711 0.763940 0.632070 0.707301
1 0.685976 0.393263 0.680298 0.453266 0.866474 0.484584 0.872151 0.424581
1 0.680305 0.453713 0.674048 0.511627 0.859702 0.547287 0.865959 0.489372
1 0.474900 0.677898 0.521781 0.685690 0.543500 0.453384 0.496619 0.445591
1 0.523395 0.684437 0.567351 0.691743 0.589070 0.459437 0.545114 0.452131
1 0.569249 0.696693 0.610211 0.703501 0.632334 0.466875 0.591372 0.460067
1 0.651250 0.762505 0.697881 0.772618 0.727787 0.527477 0.681156 0.517364
1 0.699642 0.771008 0.740468 0.779862 0.770374 0.534721 0.729547 0.525867
1 0.744837 0.776815 0.785548 0.785914 0.815115 0.550739 0.774404 0.541640
