1 0.401230 0.261271 0.449848 0.265473 0.462362 0.008049 0.413744 0.003847
1 0.449950 0.265208 0.498569 0.269410 0.511083 0.011986 0.462464 0.007784
1 0.413124 0.523643 0.450875 0.526016 0.459327 0.287016 0.421575 0.284642
1 0.638038 0.544399 0.675726 0.548164 0.689136 0.309567 0.651448 0.305801
1 0.635280 0.516491 0.637251 0.458666 0.458716 0.447846 0.456745 0.505671
1 0.639709 0.451531 0.641680 0.393705 0.463145 0.382885 0.461174 0.440711
1 0.641185 0.392476 0.643157 0.334650 0.464622 0.323830 0.462650 0.381655
1 0.685722 0.276148 0.690152 0.218565 0.504611 0.193187 0.500181 0.250770
1 0.687198 0.215124 0.691629 0.157541 0.506088 0.132163 0.501657 0.189746
1 0.690151 0.154101 0.694582 0.096518 0.509040 0.071140 0.504610 0.128723
