1 0.648917 0.682603 0.601831 0.699283 0.651509 0.948599 0.698596 0.931919
1 0.601797 0.699578 0.554710 0.716258 0.604388 0.965573 0.651475 0.948893
1 0.574922 0.438971 0.538572 0.452766 0.587697 0.682893 0.624047 0.669098
1 0.356777 0.514885 0.320155 0.527333 0.364482 0.759184 0.401105 0.746737
1 0.366063 0.540165 0.378018 0.595812 0.549828 0.530192 0.537873 0.474545
1 0.377394 0.603619 0.389349 0.659266 0.561159 0.593646 0.549204 0.537999
1 0.390112 0.660222 0.402067 0.715869 0.573877 0.650249 0.561922 0.594602
1 0.375708 0.789410 0.385274 0.845872 0.567204 0.791073 0.557638 0.734610
1 0.388897 0.847878 0.398463 0.904340 0.580393 0.849541 0.570827 0.793079
1 0.400686 0.906973 0.410252 0.963435 0.592183 0.908636 0.582616 0.852174
