1 0.597208 0.736645 0.548589 0.732444 0.536075 0.989868 0.584694 0.994069
1 0.548487 0.732708 0.499869 0.728507 0.487355 0.985931 0.535973 0.990132
1 0.585314 0.474274 0.547562 0.471900 0.539111 0.710901 0.576862 0.713274
1 0.360399 0.453518 0.322711 0.449752 0.309301 0.688350 0.346989 0.692115
1 0.363158 0.481425 0.361186 0.539251 0.539721 0.550071 0.541693 0.492246
1 0.358728 0.546386 0.356757 0.604211 0.535292 0.615031 0.537264 0.557206
1 0.357252 0.605441 0.355281 0.663266 0.533816 0.674087 0.535787 0.616261
1 0.312715 0.721769 0.308285 0.779352 0.493826 0.804730 0.498256 0.747147
1 0.311239 0.782792 0.306809 0.840375 0.492350 0.865753 0.496780 0.808170
1 0.308286 0.843816 0.303856 0.901399 0.489397 0.926777 0.493827 0.869194
