1 0.597208 0.261271 0.548589 0.265473 0.536075 0.008049 0.584694 0.003847
1 0.548487 0.265208 0.499869 0.269410 0.487355 0.011986 0.535973 0.007784
1 0.585314 0.523643 0.547562 0.526016 0.539111 0.287016 0.576862 0.284642
1 0.360399 0.544399 0.322711 0.548164 0.309301 0.309567 0.346989 0.305801
1 0.363158 0.516491 0.361186 0.458666 0.539721 0.447846 0.541693 0.505671
1 0.358728 0.451531 0.356757 0.393705 0.535292 0.382885 0.537264 0.440711
1 0.357252 0.392476 0.355281 0.334650 0.533816 0.323830 0.535787 0.381655
1 0.312715 0.276148 0.308285 0.218565 0.493826 0.193187 0.498256 0.250770
1 0.311239 0.215124 0.306809 0.157541 0.492350 0.132163 0.496780 0.189746
1 0.308286 0.154101 0.303856 0.096518 0.489397 0.071140 0.493827 0.128723
