1 0.506986 0.227927 0.464928 0.260718 0.367267 0.038031 0.409325 0.005240
1 0.464748 0.260543 0.422690 0.293334 0.325029 0.070647 0.367087 0.037856
1 0.584487 0.469614 0.551531 0.494280 0.463691 0.285640 0.496647 0.260973
1 0.390366 0.622487 0.357935 0.648361 0.265796 0.443042 0.298227 0.417168
1 0.383458 0.595888 0.362271 0.545365 0.518262 0.429072 0.539449 0.479595
1 0.357676 0.540453 0.336489 0.489929 0.492481 0.373636 0.513668 0.424160
1 0.336519 0.488534 0.315332 0.438010 0.471323 0.321717 0.492510 0.372241
1 0.257622 0.411123 0.234318 0.362285 0.391683 0.228792 0.414988 0.277630
1 0.235803 0.357444 0.212499 0.308606 0.369865 0.175113 0.393169 0.223952
1 0.212665 0.304647 0.189360 0.255809 0.346726 0.122316 0.370030 0.171154
