1 0.401230 0.736645 0.449848 0.732444 0.462362 0.989868 0.413744 0.994069
1 0.449950 0.732708 0.498569 0.728507 0.511083 0.985931 0.462464 0.990132
1 0.413124 0.474274 0.450875 0.471900 0.459327 0.710901 0.421575 0.713274
1 0.638038 0.453518 0.675726 0.449752 0.689136 0.688350 0.651448 0.692115
1 0.635280 0.481425 0.637251 0.539251 0.458716 0.550071 0.456745 0.492246
1 0.639709 0.546386 0.641680 0.604211 0.463145 0.615031 0.461174 0.557206
1 0.641185 0.605441 0.643157 0.663266 0.464622 0.674087 0.462650 0.616261
1 0.685722 0.721769 0.690152 0.779352 0.504611 0.804730 0.500181 0.747147
1 0.687198 0.782792 0.691629 0.840375 0.506088 0.865753 0.501657 0.808170
1 0.690151 0.843816 0.694582 0.901399 0.509040 0.926777 0.504610 0.869194
