1 0.456389 0.764107 0.421734 0.718447 0.285743 0.901935 0.320398 0.947596
1 0.421527 0.718557 0.386872 0.672897 0.250881 0.856386 0.285536 0.902046
1 0.576378 0.555552 0.549032 0.520769 0.425165 0.693893 0.452511 0.728676
1 0.416710 0.343326 0.390096 0.307547 0.262683 0.476033 0.289296 0.511812
1 0.405075 0.366814 0.375161 0.408765 0.504684 0.572957 0.534598 0.531006
1 0.369797 0.412006 0.339884 0.453957 0.469407 0.618149 0.499320 0.576198
1 0.339653 0.455318 0.309739 0.497269 0.439262 0.661461 0.469176 0.619510
1 0.248834 0.504257 0.217182 0.543876 0.344840 0.725185 0.376492 0.685566
1 0.217722 0.549056 0.186070 0.588675 0.313728 0.769984 0.345380 0.730365
1 0.185495 0.592565 0.153843 0.632184 0.281501 0.813493 0.313153 0.773874
