1 0.534052 0.766181 0.570050 0.722407 0.700423 0.913008 0.664425 0.956782
1 0.570254 0.722529 0.606252 0.678755 0.736624 0.869356 0.700626 0.913130
1 0.420422 0.551388 0.448791 0.518092 0.567360 0.697690 0.538991 0.730986
1 0.586335 0.347855 0.614002 0.313526 0.736254 0.488678 0.708587 0.523008
1 0.597255 0.371946 0.625885 0.415460 0.491536 0.572606 0.462906 0.529091
1 0.631147 0.418985 0.659777 0.462499 0.525428 0.619645 0.496798 0.576131
1 0.659967 0.463872 0.688597 0.507386 0.554247 0.664532 0.525617 0.621017
1 0.749244 0.517619 0.779681 0.558896 0.646680 0.733245 0.616244 0.691968
1 0.778986 0.564043 0.809422 0.605320 0.676422 0.779669 0.645985 0.738392
1 0.809880 0.609238 0.840317 0.650514 0.707316 0.824863 0.676880 0.783587
