1 0.552235 0.595633 0.522127 0.560800 0.636300 0.385354 0.666409 0.420187
1 0.373638 0.403154 0.343024 0.369114 0.453711 0.192149 0.484325 0.226190
1 0.391858 0.384716 0.417560 0.344089 0.550440 0.493539 0.524738 0.534165
1 0.424121 0.338899 0.449823 0.298273 0.584103 0.449297 0.558401 0.489924
1 0.453559 0.292009 0.479261 0.251382 0.613541 0.402406 0.587839 0.443033
1 0.482399 0.167632 0.510642 0.120112 0.651053 0.268465 0.622811 0.315985
1 0.513893 0.117861 0.538545 0.076390 0.677367 0.223096 0.652716 0.264567
1 0.542357 0.070863 0.566474 0.028836 0.711693 0.176983 0.687576 0.219010
1 0.654707 0.369598 0.619518 0.331194 0.737002 0.139815 0.772192 0.178219
1 0.693031 0.410140 0.657842 0.371736 0.775327 0.180357 0.810516 0.218761
