1 0.444372 0.404116 0.475136 0.437915 0.364353 0.617182 0.333588 0.583384
1 0.626590 0.590465 0.657844 0.623455 0.550574 0.804122 0.519320 0.771132
1 0.608728 0.609517 0.583811 0.651003 0.448117 0.506116 0.473035 0.464630
1 0.577351 0.656414 0.552434 0.697900 0.415311 0.551487 0.440228 0.510001
1 0.548818 0.704290 0.523901 0.745776 0.386778 0.599363 0.411696 0.557876
1 0.522364 0.829605 0.495039 0.878070 0.351838 0.734535 0.379163 0.686071
1 0.491832 0.880430 0.467980 0.922725 0.326399 0.780783 0.350251 0.738488
1 0.464275 0.928380 0.440969 0.971213 0.292966 0.828047 0.316272 0.785214
1 0.346253 0.633559 0.382165 0.670755 0.268375 0.866063 0.232464 0.828867
1 0.307166 0.594332 0.343078 0.631528 0.229289 0.826836 0.193377 0.789640
