1 0.587620 0.477745 0.547801 0.475264 0.539669 0.707294 0.579488 0.709775
1 0.358739 0.452791 0.318964 0.449272 0.307523 0.679195 0.347297 0.682713
1 0.362388 0.482899 0.359972 0.535951 0.533493 0.549999 0.535909 0.496947
1 0.362036 0.545743 0.359620 0.598795 0.534970 0.612991 0.537386 0.559939
1 0.359083 0.606767 0.356667 0.659819 0.532017 0.674015 0.534433 0.620963
1 0.315605 0.723332 0.311460 0.783711 0.489866 0.805481 0.494010 0.745102
1 0.312649 0.788331 0.309036 0.841028 0.485439 0.862529 0.489052 0.809832
1 0.308936 0.848536 0.304648 0.901144 0.486428 0.927485 0.490716 0.874878
1 0.544841 0.735632 0.499496 0.731063 0.485517 0.977673 0.530861 0.982243
1 0.593561 0.741538 0.548217 0.736968 0.534237 0.983578 0.579582 0.988148
