1 0.409621 0.507404 0.447758 0.491934 0.498465 0.714160 0.460329 0.729630
1 0.626857 0.408116 0.664759 0.391655 0.718285 0.610752 0.680383 0.627214
1 0.628877 0.438496 0.641011 0.489123 0.475419 0.559676 0.463285 0.509048
1 0.640818 0.499292 0.652951 0.549919 0.485614 0.621215 0.473481 0.570587
1 0.654943 0.557470 0.667076 0.608097 0.499739 0.679393 0.487606 0.628765
1 0.718598 0.656184 0.733760 0.713347 0.564858 0.792986 0.549697 0.735823
1 0.733460 0.718214 0.746688 0.768106 0.579678 0.846827 0.566450 0.796936
1 0.748171 0.775350 0.762037 0.824932 0.590709 0.910110 0.576843 0.860527
1 0.498682 0.743324 0.541789 0.724016 0.600855 0.958455 0.557748 0.977763
1 0.452550 0.765034 0.495657 0.745726 0.554723 0.980165 0.511616 0.997917
