1 0.410818 0.520172 0.450637 0.522653 0.458769 0.290622 0.418950 0.288141
1 0.639698 0.545126 0.679473 0.548645 0.690915 0.318722 0.651140 0.315203
1 0.636050 0.515018 0.638466 0.461966 0.464944 0.447918 0.462528 0.500969
1 0.636401 0.452174 0.638817 0.399122 0.463468 0.384925 0.461052 0.437977
1 0.639354 0.391150 0.641770 0.338098 0.466420 0.323902 0.464004 0.376954
1 0.682833 0.274585 0.686977 0.214205 0.508572 0.192435 0.504427 0.252815
1 0.685788 0.209586 0.689401 0.156888 0.512998 0.135387 0.509385 0.188085
1 0.689502 0.149380 0.693790 0.096773 0.512010 0.070431 0.507722 0.123039
1 0.453597 0.262284 0.498941 0.266854 0.512921 0.020244 0.467576 0.015674
1 0.404876 0.256379 0.450221 0.260948 0.464200 0.014338 0.418856 0.009769
