1 0.422022 0.119037 0.419953 0.193840 0.651099 0.205201 0.653167 0.130398
1 0.416420 0.245556 0.417052 0.313455 0.648337 0.309631 0.647705 0.241731
1 0.407767 0.391182 0.407170 0.457881 0.629047 0.461410 0.629643 0.394711
1 0.388827 0.539507 0.386758 0.614310 0.617904 0.625671 0.619972 0.550868
1 0.408896 0.713395 0.412708 0.788076 0.643477 0.767136 0.639665 0.692455
1 0.254867 0.894681 0.260194 0.969197 0.490453 0.939930 0.485125 0.865414
1 0.133361 0.717389 0.136124 0.792152 0.367146 0.776973 0.364382 0.702210
1 0.146088 0.522910 0.144348 0.585841 0.363754 0.596626 0.365494 0.533694
1 0.134104 0.411084 0.134983 0.474608 0.366246 0.468920 0.365367 0.405395
1 0.122151 0.273214 0.124586 0.347998 0.344192 0.335283 0.341756 0.260500
1 0.134060 0.116534 0.133103 0.191377 0.364371 0.196639 0.365329 0.121796
