1 0.235112 0.323086 0.290520 0.335143 0.253263 0.639519 0.197856 0.627462
1 0.329241 0.340730 0.379040 0.354953 0.330591 0.656515 0.280792 0.642291
1 0.438021 0.358153 0.487180 0.370534 0.445994 0.661250 0.396835 0.648869
1 0.550815 0.362664 0.606222 0.374721 0.568966 0.679097 0.513559 0.667040
1 0.674707 0.423209 0.728864 0.442928 0.667932 0.740438 0.613775 0.720719
1 0.838391 0.257645 0.892128 0.279313 0.825175 0.574513 0.771438 0.552846
1 0.732012 0.063839 0.786437 0.082203 0.729691 0.381181 0.675266 0.362817
1 0.586509 0.042100 0.633123 0.052244 0.597759 0.341162 0.551145 0.331018
1 0.506653 0.004370 0.553186 0.018054 0.503371 0.319220 0.456837 0.305536
1 0.407643 0.000000 0.462147 0.000000 0.409466 0.264023 0.354961 0.246083
1 0.290093 0.000000 0.345310 0.000000 0.303545 0.263043 0.248328 0.249527
