1 0.576416 0.119037 0.578484 0.193840 0.347339 0.205201 0.345271 0.130398
1 0.582017 0.245556 0.581386 0.313455 0.350101 0.309631 0.350733 0.241731
1 0.590671 0.391182 0.591268 0.457881 0.369391 0.461410 0.368794 0.394711
1 0.609611 0.539507 0.611679 0.614310 0.380534 0.625671 0.378466 0.550868
1 0.589541 0.713395 0.585729 0.788076 0.354961 0.767136 0.358773 0.692455
1 0.743571 0.894681 0.738243 0.969197 0.507985 0.939930 0.513312 0.865414
1 0.865077 0.717389 0.862314 0.792152 0.631292 0.776973 0.634055 0.702210
1 0.852350 0.522910 0.854089 0.585841 0.634683 0.596626 0.632943 0.533694
1 0.864334 0.411084 0.863455 0.474608 0.632192 0.468920 0.633071 0.405395
1 0.876287 0.273214 0.873851 0.347998 0.654246 0.335283 0.656681 0.260500
1 0.864377 0.116534 0.865335 0.191377 0.634066 0.196639 0.633109 0.121796
