1 0.422022 0.878880 0.419953 0.804077 0.651099 0.792716 0.653167 0.867519
1 0.416420 0.752361 0.417052 0.684461 0.648337 0.688286 0.647705 0.756185
1 0.407767 0.606735 0.407170 0.540036 0.629047 0.536506 0.629643 0.603206
1 0.388827 0.458410 0.386758 0.383607 0.617904 0.372245 0.619972 0.447048
1 0.408896 0.284521 0.412708 0.209840 0.643477 0.230781 0.639665 0.305462
1 0.254867 0.103236 0.260194 0.028720 0.490453 0.057986 0.485125 0.132502
1 0.133361 0.280527 0.136124 0.205764 0.367146 0.220944 0.364382 0.295707
1 0.146088 0.475007 0.144348 0.412075 0.363754 0.401291 0.365494 0.464223
1 0.134104 0.586833 0.134983 0.523308 0.366246 0.528997 0.365367 0.592522
1 0.122151 0.724702 0.124586 0.649919 0.344192 0.662634 0.341756 0.737417
1 0.134060 0.881383 0.133103 0.806540 0.364371 0.801278 0.365329 0.876121
