1 0.591238 0.124951 0.558692 0.185942 0.747158 0.364735 0.779704 0.303744
1 0.534433 0.226569 0.506986 0.283769 0.701825 0.449974 0.729271 0.392774
1 0.467204 0.341916 0.439226 0.397214 0.623174 0.562674 0.651152 0.507376
1 0.390268 0.451986 0.357722 0.512977 0.546188 0.691770 0.578734 0.630779
1 0.335398 0.611988 0.307815 0.677184 0.509274 0.828709 0.536857 0.763513
1 0.132000 0.650654 0.105752 0.716823 0.310215 0.861017 0.336464 0.794849
1 0.103512 0.413513 0.075019 0.478009 0.274317 0.634534 0.302810 0.570038
1 0.194272 0.260326 0.166891 0.311638 0.345785 0.481351 0.373167 0.430039
1 0.230330 0.158106 0.204893 0.211832 0.400481 0.376463 0.425919 0.322738
1 0.277144 0.034146 0.248368 0.098420 0.437110 0.248642 0.465886 0.184369
1 0.351647 0.000000 0.320012 0.000000 0.511093 0.147571 0.542729 0.085733
