1 0.576416 0.878880 0.578484 0.804077 0.347339 0.792716 0.345271 0.867519
1 0.582017 0.752361 0.581386 0.684461 0.350101 0.688286 0.350733 0.756185
1 0.590671 0.606735 0.591268 0.540036 0.369391 0.536506 0.368794 0.603206
1 0.609611 0.458410 0.611679 0.383607 0.380534 0.372245 0.378466 0.447048
1 0.589541 0.284521 0.585729 0.209840 0.354961 0.230781 0.358773 0.305462
1 0.743571 0.103236 0.738243 0.028720 0.507985 0.057986 0.513312 0.132502
1 0.865077 0.280527 0.862314 0.205764 0.631292 0.220944 0.634055 0.295707
1 0.852350 0.475007 0.854089 0.412075 0.634683 0.401291 0.632943 0.464223
1 0.864334 0.586833 0.863455 0.523308 0.632192 0.528997 0.633071 0.592522
1 0.876287 0.724702 0.873851 0.649919 0.654246 0.662634 0.656681 0.737417
1 0.864377 0.881383 0.865335 0.806540 0.634066 0.801278 0.633109 0.876121
