1 0.500814 0.386505 0.464553 0.374137 0.421965 0.596102 0.458226 0.608471
1 0.453704 0.380235 0.417443 0.367867 0.374855 0.589832 0.411116 0.602201
1 0.412217 0.370490 0.375956 0.358122 0.333368 0.580087 0.369629 0.592456
1 0.390739 0.251600 0.364465 0.227242 0.266368 0.415352 0.292642 0.439711
1 0.271146 0.431901 0.233394 0.433800 0.240265 0.676672 0.278017 0.674774
1 0.224870 0.440881 0.187118 0.442780 0.193989 0.685652 0.231741 0.683753
1 0.180820 0.445682 0.144755 0.447496 0.151625 0.690369 0.187691 0.688555
1 0.392215 0.694503 0.356201 0.674613 0.286443 0.899156 0.322457 0.919047
1 0.349894 0.669508 0.313880 0.649618 0.244122 0.874162 0.280136 0.894052
1 0.538393 0.677039 0.540648 0.635168 0.367518 0.618589 0.365262 0.660460
