1 0.566355 0.430861 0.595248 0.462586 0.486011 0.639446 0.457118 0.607721
1 0.597960 0.477863 0.626852 0.509588 0.517615 0.686448 0.488723 0.654723
1 0.628349 0.516760 0.657241 0.548486 0.548004 0.725345 0.519112 0.693620
1 0.713002 0.469696 0.743258 0.483595 0.687283 0.700213 0.657027 0.686314
1 0.674444 0.704839 0.695579 0.746590 0.544491 0.882561 0.523355 0.840810
1 0.696324 0.759944 0.717459 0.801696 0.566371 0.937667 0.545235 0.895915
1 0.719420 0.810187 0.739611 0.850074 0.588522 0.986045 0.568331 0.946158
1 0.444001 0.729550 0.477301 0.756569 0.382542 0.964193 0.349242 0.937174
1 0.484115 0.760344 0.517415 0.787363 0.422655 0.994987 0.389355 0.967968
1 0.368286 0.561917 0.392303 0.534774 0.504537 0.711319 0.480521 0.738462
