1 0.582860 0.484357 0.586647 0.434708 0.415693 0.411527 0.411906 0.461176
1 0.580512 0.421309 0.584299 0.371660 0.413345 0.348479 0.409558 0.398128
1 0.581577 0.365159 0.585364 0.315510 0.414410 0.292329 0.410623 0.341978
1 0.666564 0.319179 0.680728 0.280917 0.526638 0.179516 0.512475 0.217778
1 0.515074 0.188274 0.508057 0.138779 0.328945 0.183916 0.335961 0.233412
1 0.501539 0.128592 0.494523 0.079096 0.315411 0.124233 0.322427 0.173729
1 0.491435 0.071223 0.484732 0.023938 0.305619 0.069076 0.312322 0.116361
1 0.338292 0.386917 0.347694 0.336477 0.170793 0.277854 0.161390 0.328294
1 0.350543 0.327402 0.359946 0.276962 0.183044 0.218339 0.173642 0.268779
1 0.372960 0.577064 0.404349 0.573818 0.390927 0.343076 0.359538 0.346322
