1 0.566355 0.567056 0.595248 0.535331 0.486011 0.358471 0.457118 0.390196
1 0.597960 0.520054 0.626852 0.488329 0.517615 0.311469 0.488723 0.343194
1 0.628349 0.481156 0.657241 0.449431 0.548004 0.272571 0.519112 0.304296
1 0.713002 0.528220 0.743258 0.514321 0.687283 0.297704 0.657027 0.311603
1 0.674444 0.293078 0.695579 0.251326 0.544491 0.115355 0.523355 0.157107
1 0.696324 0.237973 0.717459 0.196221 0.566371 0.060250 0.545235 0.102002
1 0.719420 0.187730 0.739611 0.147843 0.588522 0.011872 0.568331 0.051758
1 0.444001 0.268367 0.477301 0.241348 0.382542 0.033724 0.349242 0.060743
1 0.484115 0.237572 0.517415 0.210553 0.422655 0.002930 0.389355 0.029949
1 0.368286 0.436000 0.392303 0.463143 0.504537 0.286597 0.480521 0.259454
