1 0.477652 0.390223 0.440237 0.391570 0.444876 0.620601 0.482291 0.619253
1 0.431056 0.401398 0.393640 0.402745 0.398279 0.631775 0.435694 0.630428
1 0.389153 0.407176 0.351738 0.408524 0.356377 0.637554 0.393792 0.636207
1 0.344074 0.300677 0.313801 0.286845 0.258098 0.503587 0.288371 0.517419
1 0.266093 0.517758 0.230175 0.533372 0.286675 0.764447 0.322593 0.748833
1 0.223432 0.543295 0.187513 0.558908 0.244013 0.789983 0.279932 0.774370
1 0.182052 0.564000 0.147738 0.578916 0.204239 0.809991 0.238553 0.795075
1 0.436477 0.726103 0.397754 0.720126 0.376791 0.961558 0.415514 0.967535
1 0.390640 0.717520 0.351917 0.711543 0.330954 0.952975 0.369677 0.958952
1 0.573477 0.655922 0.567045 0.614829 0.397130 0.662112 0.403562 0.703205
