1 0.432082 0.430861 0.403190 0.462586 0.512427 0.639446 0.541319 0.607721
1 0.400478 0.477863 0.371585 0.509588 0.480822 0.686448 0.509715 0.654723
1 0.370089 0.516760 0.341196 0.548486 0.450433 0.725345 0.479326 0.693620
1 0.285436 0.469696 0.255180 0.483595 0.311154 0.700213 0.341410 0.686314
1 0.323994 0.704839 0.302858 0.746590 0.453947 0.882561 0.475082 0.840810
1 0.302114 0.759944 0.280978 0.801696 0.432067 0.937667 0.453202 0.895915
1 0.279018 0.810187 0.258827 0.850074 0.409915 0.986045 0.430107 0.946158
1 0.554436 0.729550 0.521136 0.756569 0.615896 0.964193 0.649196 0.937174
1 0.514323 0.760344 0.481023 0.787363 0.575782 0.994987 0.609082 0.967968
1 0.630151 0.561917 0.606135 0.534774 0.493900 0.711319 0.517917 0.738462
