1 0.560373 0.581262 0.539937 0.533793 0.382449 0.654324 0.402885 0.701794
1 0.456623 0.317332 0.436837 0.269375 0.281561 0.383269 0.301348 0.431226
1 0.394326 0.734430 0.373803 0.682543 0.212987 0.795623 0.233509 0.847510
1 0.369693 0.678350 0.349170 0.626463 0.188354 0.739542 0.208876 0.791429
1 0.259750 0.407516 0.220226 0.433281 0.300083 0.651058 0.339607 0.625293
1 0.222227 0.438890 0.182703 0.464655 0.262559 0.682432 0.302083 0.656667
1 0.178131 0.471112 0.138607 0.496877 0.218464 0.714654 0.257988 0.688889
1 0.357577 0.393747 0.318769 0.421380 0.404416 0.635210 0.443224 0.607576
1 0.397602 0.360281 0.358794 0.387915 0.444441 0.601744 0.483249 0.574111
1 0.439196 0.330150 0.400388 0.357784 0.486035 0.571614 0.524843 0.543980
