1 0.428060 0.432471 0.466599 0.451321 0.404061 0.678628 0.365521 0.659778
1 0.640672 0.524302 0.679461 0.542216 0.621457 0.765495 0.582667 0.747581
1 0.342839 0.676531 0.384658 0.694750 0.328190 0.925174 0.286371 0.906955
1 0.388451 0.699444 0.430271 0.717664 0.373803 0.948088 0.331983 0.929868
1 0.607211 0.798250 0.594831 0.854540 0.420369 0.786324 0.432749 0.730035
1 0.590347 0.852857 0.577967 0.909147 0.403504 0.840931 0.415885 0.784642
1 0.573965 0.916244 0.561585 0.972533 0.387122 0.904318 0.399503 0.848028
1 0.600889 0.667361 0.587007 0.723025 0.414485 0.646534 0.428368 0.590870
1 0.618877 0.609114 0.604995 0.664777 0.432474 0.588286 0.446356 0.532623
1 0.634135 0.549367 0.620253 0.605031 0.447732 0.528540 0.461614 0.472876
