1 0.453422 0.597417 0.483289 0.559867 0.358713 0.383710 0.328846 0.421259
1 0.621780 0.401444 0.652154 0.364623 0.532934 0.189790 0.502561 0.226611
1 0.303049 0.417759 0.336117 0.379068 0.216201 0.196860 0.183133 0.235551
1 0.338219 0.372762 0.371288 0.334072 0.251372 0.151864 0.218303 0.190554
1 0.510171 0.167152 0.482177 0.121899 0.341921 0.276145 0.369915 0.321398
1 0.478552 0.125799 0.450558 0.080545 0.310302 0.234792 0.338296 0.280045
1 0.444784 0.076121 0.416790 0.030868 0.276534 0.185114 0.304528 0.230367
1 0.542987 0.290799 0.513797 0.246909 0.377768 0.407745 0.406958 0.451634
1 0.576714 0.334909 0.547524 0.291020 0.411496 0.451856 0.440685 0.495745
1 0.608374 0.381830 0.579184 0.337941 0.443155 0.498777 0.472345 0.542666
