1 0.414433 0.473604 0.455453 0.471469 0.462535 0.713404 0.421516 0.715539
1 0.637254 0.450581 0.678238 0.447454 0.688363 0.683363 0.647379 0.686490
1 0.405326 0.742545 0.449198 0.738161 0.462784 0.979896 0.418912 0.984280
1 0.454046 0.740576 0.497919 0.736193 0.511505 0.977928 0.467633 0.982311
1 0.684544 0.720882 0.689171 0.779217 0.508369 0.804709 0.503743 0.746374
1 0.684544 0.779937 0.689171 0.838272 0.508369 0.863764 0.503743 0.805429
1 0.687497 0.846866 0.692123 0.905201 0.511322 0.930693 0.506695 0.872358
1 0.641321 0.603062 0.644380 0.661580 0.463010 0.678434 0.459951 0.619916
1 0.641321 0.540070 0.644380 0.598588 0.463010 0.615442 0.459951 0.556924
1 0.638368 0.477077 0.641427 0.535596 0.460057 0.552450 0.456998 0.493932
