1 0.519712 0.386371 0.500113 0.434464 0.659669 0.550059 0.679268 0.501965
1 0.405566 0.642558 0.385315 0.690169 0.539473 0.806733 0.559723 0.759122
1 0.704598 0.494568 0.682224 0.545076 0.838767 0.668357 0.861141 0.617849
1 0.681701 0.551942 0.659327 0.602450 0.815870 0.725731 0.838244 0.675223
1 0.566394 0.818781 0.603574 0.850142 0.700774 0.645282 0.663595 0.613921
1 0.606107 0.844930 0.643286 0.876291 0.740487 0.671431 0.703307 0.640070
1 0.649807 0.878096 0.686986 0.909457 0.784187 0.704597 0.747007 0.673236
1 0.506303 0.714937 0.544300 0.744506 0.635944 0.535142 0.597946 0.505573
1 0.463943 0.687045 0.501940 0.716613 0.593583 0.507249 0.555586 0.477681
1 0.422890 0.655622 0.460887 0.685191 0.552531 0.475827 0.514534 0.446258
