1 0.433039 0.574033 0.456427 0.529052 0.605661 0.666997 0.582273 0.711979
1 0.553239 0.322817 0.576012 0.277277 0.723464 0.408357 0.700692 0.453898
1 0.588720 0.745467 0.612476 0.696093 0.765501 0.826991 0.741745 0.876364
1 0.616839 0.692381 0.640595 0.643008 0.793620 0.773905 0.769864 0.823278
1 0.743650 0.434988 0.781389 0.465140 0.687937 0.673078 0.650198 0.642926
1 0.779038 0.470502 0.816776 0.500654 0.723324 0.708592 0.685586 0.678440
1 0.820920 0.507605 0.858658 0.537757 0.765206 0.745695 0.727468 0.715543
1 0.647056 0.410181 0.683961 0.442113 0.584992 0.645462 0.548086 0.613530
1 0.609309 0.372300 0.646214 0.404232 0.547245 0.607581 0.510339 0.575649
1 0.569786 0.337564 0.606692 0.369497 0.507722 0.572845 0.470817 0.540913
