1 0.584004 0.473604 0.542985 0.471469 0.535902 0.713404 0.576922 0.715539
1 0.361183 0.450581 0.320200 0.447454 0.310075 0.683363 0.351058 0.686490
1 0.593112 0.742545 0.549239 0.738161 0.535653 0.979896 0.579525 0.984280
1 0.544391 0.740576 0.500519 0.736193 0.486933 0.977928 0.530805 0.982311
1 0.313893 0.720882 0.309267 0.779217 0.490068 0.804709 0.494695 0.746374
1 0.313893 0.779937 0.309267 0.838272 0.490068 0.863764 0.494695 0.805429
1 0.310941 0.846866 0.306314 0.905201 0.487115 0.930693 0.491742 0.872358
1 0.357117 0.603062 0.354058 0.661580 0.535427 0.678434 0.538486 0.619916
1 0.357117 0.540070 0.354058 0.598588 0.535427 0.615442 0.538486 0.556924
1 0.360070 0.477077 0.357011 0.535596 0.538380 0.552450 0.541439 0.493932
