1 0.556259 0.411560 0.522264 0.442242 0.624054 0.642745 0.658049 0.612063
1 0.366519 0.569019 0.332112 0.598873 0.428774 0.796924 0.463181 0.767071
1 0.683091 0.621032 0.645799 0.652155 0.742261 0.857634 0.779554 0.826511
1 0.642966 0.657930 0.605674 0.689053 0.702136 0.894533 0.739428 0.863409
1 0.448521 0.824134 0.470713 0.874785 0.627698 0.752507 0.605506 0.701856
1 0.474760 0.871710 0.496952 0.922361 0.653937 0.800083 0.631745 0.749432
1 0.502119 0.927962 0.524311 0.978613 0.681296 0.856335 0.659104 0.805684
1 0.430993 0.695073 0.454530 0.744633 0.608134 0.614947 0.584598 0.565387
1 0.403004 0.644325 0.426541 0.693885 0.580145 0.564199 0.556609 0.514639
1 0.377395 0.591245 0.400931 0.640805 0.554536 0.511119 0.530999 0.461559
