1 0.634010 0.478492 0.637040 0.536203 0.460589 0.552672 0.457559 0.494961
1 0.636962 0.543453 0.639992 0.601164 0.463542 0.617633 0.460512 0.559921
1 0.639915 0.604476 0.642945 0.662188 0.466495 0.678656 0.463465 0.620945
1 0.684868 0.843373 0.689111 0.900949 0.513077 0.924011 0.508834 0.866436
1 0.685612 0.720932 0.689823 0.778511 0.503824 0.802697 0.499613 0.745118
1 0.412818 0.475691 0.451145 0.472865 0.460940 0.709041 0.422613 0.711867
1 0.637227 0.452068 0.675554 0.449243 0.685350 0.685419 0.647023 0.688245
1 0.406912 0.737502 0.451948 0.734181 0.462417 0.986600 0.417381 0.989921
1 0.454156 0.735533 0.499192 0.732212 0.509661 0.984632 0.464625 0.987952
1 0.686367 0.780464 0.690578 0.838044 0.508396 0.861734 0.504185 0.804154
