1 0.620320 0.417431 0.599098 0.366971 0.444817 0.482325 0.466039 0.532785
1 0.596049 0.360968 0.574827 0.310507 0.420546 0.425861 0.441769 0.476321
1 0.573399 0.307795 0.552177 0.257335 0.397896 0.372689 0.419119 0.423149
1 0.512643 0.075197 0.492490 0.023963 0.335844 0.133500 0.355996 0.184734
1 0.563663 0.177006 0.543483 0.125792 0.378044 0.241681 0.398224 0.292896
1 0.436570 0.581634 0.469773 0.555950 0.380746 0.351353 0.347544 0.377037
1 0.633886 0.437165 0.667088 0.411481 0.578062 0.206884 0.544859 0.232569
1 0.323867 0.367098 0.362881 0.336918 0.267732 0.118251 0.228718 0.148430
1 0.364171 0.334172 0.403184 0.303992 0.308035 0.085325 0.269022 0.115504
1 0.539790 0.126688 0.519609 0.075474 0.357565 0.188985 0.377745 0.240200
