1 0.522603 0.677134 0.564977 0.664693 0.526939 0.434368 0.484565 0.446808
1 0.570170 0.662545 0.612545 0.650104 0.574507 0.419779 0.532133 0.432220
1 0.614906 0.649069 0.657280 0.636628 0.619242 0.406303 0.576868 0.418744
1 0.799478 0.639022 0.842097 0.628171 0.808921 0.396513 0.766302 0.407364
1 0.711603 0.674589 0.754216 0.663697 0.719032 0.418977 0.676418 0.429870
1 0.458053 0.395035 0.466856 0.444852 0.639531 0.390609 0.630729 0.340792
1 0.504503 0.688719 0.513306 0.738536 0.685981 0.684293 0.677179 0.634476
1 0.644731 0.313464 0.655074 0.372001 0.839625 0.314027 0.829282 0.255491
1 0.656672 0.374443 0.667015 0.432980 0.851566 0.375006 0.841223 0.316470
1 0.754645 0.658723 0.797258 0.647831 0.762795 0.408134 0.720182 0.419026
