1 0.364428 0.478492 0.361398 0.536203 0.537848 0.552672 0.540878 0.494961
1 0.361475 0.543453 0.358445 0.601164 0.534896 0.617633 0.537926 0.559921
1 0.358522 0.604476 0.355492 0.662188 0.531943 0.678656 0.534973 0.620945
1 0.313569 0.843373 0.309326 0.900949 0.485361 0.924011 0.489604 0.866436
1 0.312826 0.720932 0.308614 0.778511 0.494613 0.802697 0.498825 0.745118
1 0.585620 0.475691 0.547293 0.472865 0.537497 0.709041 0.575824 0.711867
1 0.361210 0.452068 0.322883 0.449243 0.313088 0.685419 0.351415 0.688245
1 0.591525 0.737502 0.546490 0.734181 0.536021 0.986600 0.581056 0.989921
1 0.544281 0.735533 0.499246 0.732212 0.488777 0.984632 0.533812 0.987952
1 0.312071 0.780464 0.307859 0.838044 0.490041 0.861734 0.494253 0.804154
