1 0.364499 0.477670 0.361272 0.535362 0.537664 0.552907 0.540892 0.495215
1 0.361324 0.542612 0.358096 0.600304 0.534488 0.617849 0.537716 0.560157
1 0.358162 0.603617 0.354934 0.661309 0.531326 0.678854 0.534554 0.621162
1 0.312389 0.842237 0.307949 0.899786 0.483902 0.923922 0.488343 0.866374
1 0.312066 0.719792 0.307657 0.777345 0.493571 0.802666 0.497980 0.745113
1 0.585699 0.476218 0.547382 0.473158 0.536776 0.709273 0.575093 0.712332
1 0.361373 0.451227 0.323056 0.448167 0.312450 0.684282 0.350767 0.687341
1 0.590706 0.738062 0.545682 0.734467 0.534347 0.986820 0.579371 0.990415
1 0.543469 0.735805 0.498445 0.732210 0.487110 0.984563 0.532134 0.988158
1 0.311107 0.779320 0.306698 0.836873 0.488797 0.861674 0.493206 0.804121
