1 0.547555 0.329947 0.587386 0.352891 0.517235 0.569393 0.477404 0.546449
1 0.592179 0.356315 0.632010 0.379259 0.561859 0.595761 0.522028 0.572817
1 0.634181 0.380873 0.674012 0.403817 0.603861 0.620319 0.564030 0.597375
1 0.813963 0.437474 0.854261 0.458919 0.788693 0.677960 0.748395 0.656515
1 0.732754 0.380303 0.773040 0.401788 0.703639 0.633144 0.663353 0.611659
1 0.444000 0.590567 0.459738 0.543885 0.621545 0.640865 0.605807 0.687547
1 0.531435 0.313989 0.547173 0.267307 0.708980 0.364287 0.693242 0.410969
1 0.615662 0.717923 0.634155 0.663071 0.807090 0.766720 0.788597 0.821572
1 0.636071 0.661077 0.654564 0.606225 0.827499 0.709874 0.809006 0.764726
1 0.772752 0.406779 0.813039 0.428263 0.745062 0.654871 0.704775 0.633387
