1 0.632927 0.468367 0.638398 0.525757 0.462928 0.555497 0.457456 0.498107
1 0.638628 0.533001 0.644100 0.590392 0.468630 0.620132 0.463158 0.562741
1 0.644163 0.593704 0.649635 0.651095 0.474164 0.680835 0.468693 0.623445
1 0.699172 0.828832 0.705849 0.885995 0.531073 0.922287 0.524396 0.865124
1 0.694724 0.706530 0.701369 0.763700 0.516693 0.801865 0.510047 0.744695
1 0.411969 0.482239 0.450116 0.476529 0.469907 0.711590 0.431761 0.717300
1 0.635019 0.441743 0.673165 0.436033 0.692957 0.671094 0.654810 0.676804
1 0.417172 0.744077 0.461995 0.737367 0.483147 0.988594 0.438324 0.995304
1 0.464257 0.738551 0.509080 0.731842 0.530232 0.983068 0.485410 0.989778
1 0.698001 0.765911 0.704647 0.823080 0.523760 0.860462 0.517114 0.803292
