1 0.619963 0.416495 0.598521 0.366200 0.444746 0.482746 0.466187 0.533041
1 0.595446 0.360220 0.574005 0.309925 0.420229 0.426472 0.441671 0.476767
1 0.572565 0.307224 0.551123 0.256929 0.397348 0.373475 0.418790 0.423770
1 0.510797 0.075100 0.490422 0.024023 0.334255 0.134771 0.354629 0.185848
1 0.562260 0.176513 0.541857 0.125455 0.376926 0.242624 0.397329 0.293682
1 0.436932 0.582118 0.470021 0.556177 0.380105 0.352273 0.347015 0.378214
1 0.633614 0.436124 0.666704 0.410183 0.576788 0.206279 0.543698 0.232220
1 0.323296 0.368458 0.362178 0.337977 0.266078 0.120050 0.227196 0.150531
1 0.363455 0.335220 0.402337 0.304739 0.306237 0.086812 0.267355 0.117293
1 0.538167 0.126380 0.517765 0.075323 0.356218 0.190087 0.376620 0.241145
