1 0.415562 0.513994 0.447107 0.497389 0.511380 0.714466 0.479835 0.731071
1 0.625803 0.430048 0.638936 0.471739 0.477557 0.562114 0.464424 0.520423
1 0.642056 0.483601 0.656344 0.530020 0.494416 0.618632 0.480128 0.572213
1 0.657915 0.541468 0.672203 0.587888 0.510275 0.676499 0.495987 0.630080
1 0.727392 0.636979 0.742631 0.682857 0.582591 0.777368 0.567351 0.731490
1 0.743251 0.694846 0.758491 0.740725 0.598450 0.835235 0.583210 0.789357
1 0.761414 0.751682 0.776654 0.797560 0.616613 0.892071 0.601374 0.846192
1 0.624633 0.398344 0.654551 0.381407 0.722958 0.596226 0.693040 0.613163
1 0.515937 0.748672 0.552126 0.728186 0.624138 0.954327 0.587949 0.974813
1 0.473311 0.772890 0.509499 0.752404 0.581511 0.978545 0.545323 0.997917
