1 0.582113 0.520219 0.548244 0.522568 0.539152 0.289503 0.573020 0.287154
1 0.362767 0.510545 0.360273 0.465449 0.534834 0.448285 0.537329 0.493382
1 0.360148 0.452880 0.357687 0.402810 0.532348 0.387551 0.534809 0.437621
1 0.358932 0.391292 0.356472 0.341222 0.531133 0.325963 0.533593 0.376032
1 0.315878 0.271257 0.312386 0.221297 0.486667 0.199644 0.490158 0.249605
1 0.314662 0.209669 0.311171 0.159708 0.485451 0.138056 0.488943 0.188016
1 0.311016 0.148080 0.307524 0.098120 0.481805 0.076468 0.485296 0.126428
1 0.356305 0.541096 0.323900 0.544451 0.310350 0.311771 0.342755 0.308416
1 0.543000 0.255142 0.503802 0.259200 0.489538 0.014257 0.528735 0.010199
1 0.589191 0.250280 0.549994 0.254338 0.535729 0.009395 0.574927 0.005337
