1 0.536516 0.599928 0.529260 0.555756 0.358278 0.605693 0.365535 0.649864
1 0.471518 0.320435 0.438240 0.329152 0.471984 0.558155 0.505262 0.549437
1 0.429116 0.332315 0.392250 0.342391 0.427398 0.571018 0.464264 0.560942
1 0.384247 0.347038 0.347381 0.357113 0.382529 0.585740 0.419395 0.575665
1 0.286041 0.323415 0.248981 0.332137 0.279404 0.561965 0.316464 0.553244
1 0.241173 0.338138 0.204113 0.346859 0.234536 0.576688 0.271596 0.567966
1 0.195661 0.349734 0.158601 0.358456 0.189025 0.588284 0.226084 0.579563
1 0.491907 0.304047 0.485765 0.261491 0.313883 0.305594 0.320026 0.348150
1 0.334442 0.619726 0.327013 0.568251 0.146072 0.614678 0.153502 0.666154
1 0.343140 0.680408 0.335710 0.628933 0.154770 0.675360 0.162199 0.726836
