1 0.416325 0.477697 0.450193 0.475348 0.459286 0.708414 0.425417 0.710763
1 0.635670 0.487371 0.638165 0.532468 0.463603 0.549632 0.461109 0.504535
1 0.638290 0.545037 0.640750 0.595106 0.466089 0.610365 0.463629 0.560296
1 0.639505 0.606625 0.641966 0.656695 0.467305 0.671954 0.464844 0.621884
1 0.682560 0.726660 0.686051 0.776620 0.511771 0.798272 0.508279 0.748312
1 0.683775 0.788248 0.687267 0.838208 0.512986 0.859861 0.509495 0.809900
1 0.687422 0.849836 0.690913 0.899797 0.516633 0.921449 0.513141 0.871489
1 0.642133 0.456820 0.674538 0.453465 0.688088 0.686146 0.655683 0.689500
1 0.455438 0.742775 0.494635 0.738717 0.508899 0.983660 0.469702 0.987718
1 0.409247 0.747637 0.448444 0.743579 0.462708 0.988522 0.423511 0.992580
