1 0.582113 0.477697 0.548244 0.475348 0.539152 0.708414 0.573020 0.710763
1 0.362767 0.487371 0.360273 0.532468 0.534834 0.549632 0.537329 0.504535
1 0.360148 0.545037 0.357687 0.595106 0.532348 0.610365 0.534809 0.560296
1 0.358932 0.606625 0.356472 0.656695 0.531133 0.671954 0.533593 0.621884
1 0.315878 0.726660 0.312386 0.776620 0.486667 0.798272 0.490158 0.748312
1 0.314662 0.788248 0.311171 0.838208 0.485451 0.859861 0.488943 0.809900
1 0.311016 0.849836 0.307524 0.899797 0.481805 0.921449 0.485296 0.871489
1 0.356305 0.456820 0.323900 0.453465 0.310350 0.686146 0.342755 0.689500
1 0.543000 0.742775 0.503802 0.738717 0.489538 0.983660 0.528735 0.987718
1 0.589191 0.747637 0.549994 0.743579 0.535729 0.988522 0.574927 0.992580
