1 0.425197 0.444857 0.457976 0.456456 0.413076 0.682028 0.380297 0.670428
1 0.631771 0.543670 0.623782 0.587617 0.453672 0.532645 0.461660 0.488698
1 0.621013 0.599633 0.611850 0.648299 0.442083 0.591474 0.451246 0.542807
1 0.608018 0.658756 0.598855 0.707422 0.429088 0.650597 0.438251 0.601930
1 0.621420 0.790606 0.613263 0.839590 0.442389 0.789006 0.450545 0.740022
1 0.608425 0.849729 0.600268 0.898713 0.429393 0.848129 0.437550 0.799144
1 0.597744 0.909845 0.589587 0.958829 0.418713 0.908245 0.426869 0.859261
1 0.644943 0.517228 0.676560 0.527273 0.635992 0.754298 0.604374 0.744254
1 0.401518 0.713164 0.439762 0.725314 0.397056 0.964304 0.358811 0.952155
1 0.356431 0.698923 0.394675 0.711072 0.351969 0.950063 0.313724 0.937914
