1 0.485726 0.610213 0.500718 0.563096 0.337638 0.470851 0.322647 0.517967
1 0.582336 0.342404 0.598279 0.295846 0.441160 0.200196 0.425217 0.246754
1 0.295721 0.528685 0.314544 0.476181 0.145639 0.368530 0.126816 0.421034
1 0.316999 0.472135 0.335822 0.419630 0.166917 0.311980 0.148094 0.364484
1 0.560875 0.334252 0.523392 0.311511 0.449365 0.528427 0.486848 0.551168
1 0.518766 0.310264 0.481282 0.287523 0.407256 0.504439 0.444739 0.527180
1 0.474441 0.283012 0.436958 0.260271 0.362931 0.477187 0.400415 0.499929
1 0.412385 0.185189 0.372419 0.158333 0.288781 0.379607 0.328747 0.406463
1 0.369740 0.163035 0.329773 0.136179 0.246136 0.357453 0.286102 0.384309
1 0.325501 0.138245 0.285535 0.111389 0.205331 0.323579 0.245297 0.350435
