1 0.561196 0.575590 0.540090 0.532840 0.392123 0.662710 0.413229 0.705460
1 0.447548 0.319948 0.427318 0.276451 0.280530 0.397819 0.300759 0.441316
1 0.404998 0.741284 0.382652 0.691295 0.221839 0.819092 0.244185 0.869081
1 0.381486 0.686327 0.359141 0.636339 0.198328 0.764136 0.220674 0.814125
1 0.430565 0.339249 0.395594 0.368246 0.489986 0.570620 0.524957 0.541622
1 0.392253 0.372689 0.357282 0.401687 0.451674 0.604060 0.486645 0.575063
1 0.350675 0.406779 0.315704 0.435777 0.410096 0.638150 0.445067 0.609153
1 0.255213 0.421438 0.216298 0.450911 0.308084 0.666366 0.346999 0.636893
1 0.217749 0.456490 0.178834 0.485963 0.270619 0.701417 0.309535 0.671945
1 0.177756 0.491849 0.138841 0.521322 0.226858 0.727932 0.265774 0.698459
