1 0.530030 0.603904 0.524970 0.553169 0.349367 0.584306 0.354427 0.635040
1 0.511084 0.307802 0.507056 0.256903 0.335288 0.281067 0.339316 0.331966
1 0.335330 0.662524 0.331515 0.604553 0.145022 0.626374 0.148837 0.684345
1 0.332086 0.599404 0.328270 0.541432 0.141777 0.563253 0.145593 0.621225
1 0.489495 0.315333 0.448547 0.321164 0.467530 0.558133 0.508478 0.552301
1 0.444088 0.323227 0.403139 0.329059 0.422122 0.566027 0.463071 0.560196
1 0.395529 0.329813 0.354580 0.335645 0.373563 0.572613 0.414512 0.566782
1 0.304787 0.287654 0.260132 0.291626 0.272501 0.538862 0.317157 0.534891
1 0.259618 0.297491 0.214962 0.301463 0.227332 0.548699 0.271987 0.544728
1 0.212072 0.306138 0.167416 0.310110 0.179277 0.547197 0.223933 0.543225
