1 0.416572 0.475331 0.454941 0.473811 0.460201 0.709905 0.421832 0.711425
1 0.638799 0.452531 0.677123 0.449626 0.686925 0.679550 0.648601 0.682455
1 0.404567 0.740985 0.448092 0.736661 0.462003 0.985584 0.418478 0.989908
1 0.451811 0.735080 0.495336 0.730756 0.509247 0.979679 0.465722 0.984003
1 0.636704 0.482153 0.638988 0.536977 0.460526 0.550197 0.458242 0.495373
1 0.638180 0.543177 0.640465 0.598001 0.462003 0.611220 0.459718 0.556396
1 0.641133 0.608137 0.643418 0.662962 0.464955 0.676181 0.462671 0.621357
1 0.686966 0.720748 0.691225 0.780150 0.506229 0.803728 0.501970 0.744326
1 0.686966 0.781772 0.691225 0.841174 0.506229 0.864752 0.501970 0.805349
1 0.688230 0.845732 0.692489 0.905134 0.515087 0.927744 0.510828 0.868341
