1 0.428177 0.560022 0.454545 0.522828 0.583282 0.685083 0.556913 0.722276
1 0.573489 0.334688 0.599092 0.296555 0.727778 0.450163 0.702175 0.488296
1 0.560338 0.759464 0.588873 0.715430 0.730529 0.878627 0.701993 0.922661
1 0.590670 0.710809 0.619205 0.666775 0.760861 0.829972 0.732325 0.874006
1 0.587690 0.357638 0.618337 0.394315 0.498947 0.571669 0.468300 0.534991
1 0.621047 0.399466 0.651694 0.436143 0.532304 0.613497 0.501657 0.576820
1 0.657535 0.442693 0.688182 0.479370 0.568792 0.656723 0.538145 0.620046
1 0.749622 0.479301 0.784091 0.517363 0.665558 0.708203 0.631088 0.670142
1 0.781933 0.522519 0.816403 0.560580 0.697870 0.751421 0.663400 0.713360
1 0.816695 0.566628 0.851164 0.604689 0.737497 0.787694 0.703028 0.749633
