1 0.416572 0.522586 0.454941 0.524105 0.460201 0.288012 0.421832 0.286492
1 0.638799 0.545385 0.677123 0.548290 0.686925 0.318367 0.648601 0.315462
1 0.404567 0.256931 0.448092 0.261256 0.462003 0.012333 0.418478 0.008008
1 0.451811 0.262837 0.495336 0.267161 0.509247 0.018238 0.465722 0.013914
1 0.636704 0.515763 0.638988 0.460939 0.460526 0.447720 0.458242 0.502544
1 0.638180 0.454740 0.640465 0.399916 0.462003 0.386696 0.459718 0.441520
1 0.641133 0.389779 0.643418 0.334955 0.464955 0.321736 0.462671 0.376560
1 0.686966 0.277169 0.691225 0.217766 0.506229 0.194189 0.501970 0.253591
1 0.686966 0.216145 0.691225 0.156743 0.506229 0.133165 0.501970 0.192567
1 0.688230 0.152185 0.692489 0.092782 0.515087 0.070173 0.510828 0.129575
