1 0.432132 0.430400 0.467290 0.450944 0.396184 0.667279 0.361026 0.646735
1 0.640258 0.536738 0.675820 0.556004 0.610802 0.769359 0.575239 0.750093
1 0.335928 0.663584 0.376646 0.684539 0.309234 0.917407 0.268516 0.896452
1 0.380514 0.685234 0.421232 0.706189 0.353821 0.939058 0.313103 0.918103
1 0.628848 0.562307 0.613297 0.613150 0.447793 0.523155 0.463345 0.472312
1 0.610575 0.618291 0.595023 0.669134 0.429520 0.579138 0.445072 0.528295
1 0.592370 0.678675 0.576819 0.729518 0.411316 0.639522 0.426867 0.588679
1 0.597602 0.806608 0.582363 0.862716 0.407627 0.778347 0.422866 0.722240
1 0.577994 0.861748 0.562755 0.917856 0.388020 0.833487 0.403259 0.777380
1 0.558585 0.920263 0.543346 0.976371 0.375784 0.895466 0.391023 0.839358
