1 0.581865 0.475331 0.543496 0.473811 0.538236 0.709905 0.576605 0.711425
1 0.359639 0.452531 0.321315 0.449626 0.311512 0.679550 0.349836 0.682455
1 0.593870 0.740985 0.550345 0.736661 0.536434 0.985584 0.579959 0.989908
1 0.546626 0.735080 0.503101 0.730756 0.489190 0.979679 0.532715 0.984003
1 0.361733 0.482153 0.359449 0.536977 0.537911 0.550197 0.540196 0.495373
1 0.360257 0.543177 0.357973 0.598001 0.536435 0.611220 0.538719 0.556396
1 0.357304 0.608137 0.355020 0.662962 0.533482 0.676181 0.535766 0.621357
1 0.311471 0.720748 0.307212 0.780150 0.492209 0.803728 0.496467 0.744326
1 0.311471 0.781772 0.307212 0.841174 0.492209 0.864752 0.496467 0.805349
1 0.310208 0.845732 0.305949 0.905134 0.483351 0.927744 0.487609 0.868341
