1 0.579901 0.532551 0.547048 0.506080 0.455427 0.708232 0.488280 0.734703
1 0.394783 0.367045 0.362480 0.339397 0.269177 0.533199 0.301480 0.560847
1 0.492417 0.771762 0.456107 0.739469 0.352222 0.947124 0.388532 0.979417
1 0.453452 0.735654 0.417142 0.703362 0.313257 0.911017 0.349567 0.943310
1 0.385686 0.394213 0.363485 0.440459 0.514023 0.568939 0.536225 0.522693
1 0.361903 0.446388 0.339701 0.492634 0.490240 0.621113 0.512442 0.574867
1 0.335382 0.501023 0.313181 0.547269 0.463719 0.675748 0.485921 0.629502
1 0.253953 0.569049 0.228344 0.617988 0.380754 0.759770 0.406363 0.710831
1 0.231455 0.622191 0.205846 0.671130 0.358256 0.812912 0.383865 0.763973
1 0.206774 0.677062 0.181166 0.726001 0.327319 0.861962 0.352927 0.813023
