1 0.587008 0.489343 0.592209 0.438558 0.415822 0.406440 0.410621 0.457226
1 0.587270 0.427714 0.592471 0.376929 0.416084 0.344812 0.410883 0.395597
1 0.586260 0.362204 0.591462 0.311419 0.415074 0.279302 0.409873 0.330087
1 0.675943 0.323435 0.689203 0.289168 0.540720 0.187019 0.527460 0.221286
1 0.522998 0.188904 0.517241 0.138226 0.341224 0.173775 0.346981 0.224453
1 0.513928 0.129476 0.508170 0.078798 0.332154 0.114347 0.337911 0.165025
1 0.504111 0.070944 0.498813 0.024312 0.326660 0.059080 0.331957 0.105713
1 0.339922 0.374706 0.350747 0.327397 0.181737 0.258647 0.170912 0.305955
1 0.350714 0.316650 0.361539 0.269342 0.192530 0.200591 0.181705 0.247900
1 0.369393 0.574697 0.398740 0.573921 0.395237 0.338367 0.365890 0.339143
