1 0.566128 0.575344 0.548022 0.620560 0.390980 0.508763 0.409086 0.463548
1 0.539254 0.625487 0.521148 0.670702 0.364105 0.558906 0.382211 0.513690
1 0.509643 0.677781 0.491537 0.722996 0.334495 0.611200 0.352601 0.565984
1 0.565273 0.779269 0.560958 0.817396 0.395746 0.784149 0.400062 0.746022
1 0.382215 0.768775 0.355276 0.805341 0.228274 0.639004 0.255213 0.602438
1 0.348745 0.809842 0.321806 0.846409 0.194804 0.680072 0.221743 0.643506
1 0.315066 0.849600 0.290277 0.883247 0.166063 0.720561 0.190851 0.686914
1 0.315530 0.475173 0.303509 0.521965 0.136344 0.445617 0.148365 0.398825
1 0.298759 0.530648 0.286738 0.577440 0.119573 0.501092 0.131594 0.454300
1 0.427310 0.336147 0.450748 0.359707 0.344381 0.547839 0.320942 0.524280
