1 0.435134 0.579534 0.454845 0.623540 0.607686 0.501832 0.587975 0.457826
1 0.463780 0.627901 0.483491 0.671907 0.636332 0.550198 0.616621 0.506193
1 0.495237 0.678241 0.514948 0.722247 0.667790 0.600539 0.648079 0.556533
1 0.443321 0.783170 0.449003 0.820977 0.612828 0.777206 0.607146 0.739399
1 0.625791 0.760984 0.654014 0.795786 0.774888 0.621521 0.746665 0.586719
1 0.660699 0.799865 0.688922 0.834666 0.809796 0.660401 0.781573 0.625600
1 0.695770 0.837423 0.721740 0.869447 0.839961 0.699007 0.813991 0.666983
1 0.681841 0.463456 0.695531 0.509426 0.859758 0.422478 0.846068 0.376509
1 0.700588 0.517796 0.714278 0.563765 0.878505 0.476818 0.864815 0.430848
1 0.565190 0.331737 0.542626 0.356768 0.655637 0.537883 0.678201 0.512853
