1 0.569254 0.427728 0.598620 0.460806 0.483734 0.642129 0.454368 0.609051
1 0.600396 0.473269 0.629762 0.506347 0.514876 0.687670 0.485510 0.654593
1 0.632543 0.522829 0.661909 0.555907 0.547023 0.737230 0.517657 0.704153
1 0.718625 0.471562 0.745681 0.485176 0.686689 0.693606 0.659633 0.679991
1 0.672580 0.708026 0.693752 0.750808 0.545162 0.881540 0.523989 0.838759
1 0.695685 0.760265 0.716858 0.803047 0.568268 0.933779 0.547095 0.890998
1 0.717786 0.812504 0.737269 0.851871 0.591940 0.979734 0.572457 0.940367
1 0.443294 0.733459 0.475091 0.758934 0.384081 0.960881 0.352284 0.935406
1 0.480464 0.766946 0.512261 0.792421 0.421251 0.994368 0.389454 0.968893
1 0.364756 0.558602 0.386943 0.532979 0.502628 0.711068 0.480441 0.736691
