1 0.429184 0.427728 0.399818 0.460806 0.514704 0.642129 0.544069 0.609051
1 0.398041 0.473269 0.368675 0.506347 0.483561 0.687670 0.512927 0.654593
1 0.365894 0.522829 0.336528 0.555907 0.451414 0.737230 0.480780 0.704153
1 0.279813 0.471562 0.252756 0.485176 0.311748 0.693606 0.338805 0.679991
1 0.325858 0.708026 0.304685 0.750808 0.453276 0.881540 0.474448 0.838759
1 0.302752 0.760265 0.281580 0.803047 0.430170 0.933779 0.451342 0.890998
1 0.280651 0.812504 0.261169 0.851871 0.406498 0.979734 0.425980 0.940367
1 0.555143 0.733459 0.523346 0.758934 0.614357 0.960881 0.646154 0.935406
1 0.517973 0.766946 0.486176 0.792421 0.577187 0.994368 0.608984 0.968893
1 0.633682 0.558602 0.611494 0.532979 0.495809 0.711068 0.517997 0.736691
