1 0.415067 0.533660 0.418225 0.584743 0.595648 0.565240 0.592489 0.514157
1 0.424807 0.593906 0.427965 0.644989 0.605388 0.625486 0.602229 0.574403
1 0.436418 0.657575 0.439576 0.708658 0.616999 0.689155 0.613840 0.638072
1 0.355145 0.721285 0.347757 0.758565 0.509294 0.815482 0.516683 0.778203
1 0.526291 0.808532 0.540131 0.856351 0.706217 0.770890 0.692376 0.723071
1 0.544785 0.863939 0.558626 0.911758 0.724712 0.826297 0.710871 0.778478
1 0.563863 0.918255 0.576599 0.962256 0.739039 0.878671 0.726304 0.834669
1 0.674899 0.574339 0.672003 0.623649 0.848165 0.642040 0.851060 0.592729
1 0.673778 0.634133 0.670882 0.683443 0.847044 0.701833 0.849939 0.652523
1 0.613688 0.387578 0.585161 0.396797 0.626786 0.625767 0.655313 0.616548
