1 0.564861 0.420642 0.596077 0.450556 0.492180 0.643305 0.460963 0.613391
1 0.598580 0.462797 0.629796 0.492711 0.525898 0.685459 0.494682 0.655545
1 0.633535 0.508853 0.664752 0.538767 0.560854 0.731515 0.529638 0.701601
1 0.716346 0.448766 0.744118 0.459516 0.697533 0.673459 0.669761 0.662708
1 0.684312 0.689307 0.707930 0.729750 0.567463 0.875577 0.543846 0.835135
1 0.710412 0.738976 0.734029 0.779419 0.593563 0.925247 0.569945 0.884804
1 0.735509 0.788750 0.757241 0.825965 0.619858 0.968592 0.598126 0.931377
1 0.457221 0.738573 0.490415 0.760654 0.411530 0.971473 0.378336 0.949392
1 0.496242 0.768081 0.529436 0.790162 0.450550 0.997917 0.417357 0.978900
1 0.368666 0.572442 0.389283 0.544584 0.515060 0.710063 0.494444 0.737921
