1 0.505002 0.381765 0.543001 0.374005 0.569954 0.608635 0.531955 0.616395
1 0.551213 0.380414 0.589212 0.372654 0.616165 0.607283 0.578166 0.615044
1 0.600356 0.380695 0.638355 0.372935 0.665308 0.607564 0.627309 0.615324
1 0.627970 0.260503 0.653451 0.242268 0.732467 0.438559 0.706986 0.456794
1 0.731342 0.462215 0.769439 0.469066 0.745643 0.704302 0.707546 0.697451
1 0.776055 0.473341 0.814152 0.480193 0.790356 0.715428 0.752259 0.708577
1 0.820107 0.485477 0.855163 0.491781 0.831890 0.721854 0.796833 0.715550
1 0.594986 0.709306 0.630287 0.694105 0.684591 0.918304 0.649290 0.933505
1 0.638347 0.693973 0.673647 0.678773 0.727951 0.902972 0.692651 0.918172
1 0.444533 0.673267 0.444638 0.634131 0.621337 0.634971 0.621232 0.674107
