1 0.415498 0.524936 0.415817 0.575127 0.589850 0.573156 0.589530 0.522965
1 0.422892 0.586074 0.423212 0.636266 0.597245 0.634295 0.596925 0.584103
1 0.434868 0.649923 0.435188 0.700114 0.609221 0.698143 0.608901 0.647952
1 0.345566 0.702483 0.334902 0.744772 0.499867 0.818723 0.510530 0.776434
1 0.518071 0.803909 0.530488 0.854415 0.695868 0.782133 0.683452 0.731628
1 0.535702 0.863363 0.547697 0.912150 0.713077 0.839869 0.701083 0.791081
1 0.553871 0.919263 0.564500 0.962498 0.729880 0.890217 0.719251 0.846982
1 0.616333 0.397843 0.582976 0.407436 0.619671 0.634271 0.653027 0.624679
1 0.671933 0.583197 0.667629 0.635069 0.840612 0.660588 0.844916 0.608715
1 0.667922 0.642750 0.663310 0.698322 0.836294 0.723840 0.840905 0.668268
