1 0.419567 0.542047 0.398138 0.500779 0.541228 0.368687 0.562657 0.409954
1 0.399189 0.486397 0.377761 0.445129 0.520851 0.313037 0.542280 0.354304
1 0.381385 0.425012 0.359956 0.383744 0.503047 0.251652 0.524475 0.292920
1 0.285684 0.450662 0.258693 0.424291 0.361562 0.237114 0.388553 0.263485
1 0.382843 0.235235 0.371165 0.184418 0.537568 0.116438 0.549246 0.167255
1 0.371560 0.173098 0.360280 0.124009 0.526683 0.056029 0.537963 0.105118
1 0.362252 0.113452 0.352255 0.069950 0.518658 0.001970 0.528655 0.045472
1 0.638634 0.491626 0.607226 0.509412 0.539190 0.295827 0.570598 0.278040
1 0.603976 0.297419 0.578041 0.258330 0.708395 0.104577 0.734329 0.143665
1 0.574962 0.251828 0.547178 0.209951 0.677531 0.056197 0.705315 0.098074
