1 0.566078 0.426926 0.595561 0.458135 0.487345 0.639875 0.457862 0.608665
1 0.597682 0.472306 0.627165 0.503516 0.518950 0.685255 0.489467 0.654046
1 0.628071 0.524170 0.657554 0.555380 0.549339 0.737119 0.519856 0.705910
1 0.714083 0.462621 0.745649 0.477424 0.687906 0.696331 0.656340 0.681529
1 0.667948 0.706357 0.690176 0.750476 0.545706 0.879871 0.523479 0.835752
1 0.692260 0.761462 0.713731 0.804081 0.569261 0.933476 0.547790 0.890857
1 0.714140 0.814947 0.733168 0.852715 0.588698 0.982110 0.569670 0.944342
1 0.367388 0.559877 0.393579 0.530712 0.505142 0.708816 0.478951 0.737982
1 0.442793 0.732341 0.476114 0.759723 0.384799 0.957268 0.351478 0.929886
1 0.480475 0.764756 0.516173 0.794091 0.424858 0.991637 0.389160 0.962301
