1 0.432360 0.570991 0.402877 0.539782 0.511092 0.358042 0.540575 0.389252
1 0.400755 0.525610 0.371272 0.494401 0.479488 0.312661 0.508971 0.343871
1 0.370366 0.473746 0.340883 0.442537 0.449099 0.260797 0.478582 0.292007
1 0.284355 0.535295 0.252789 0.520493 0.310532 0.301585 0.342098 0.316388
1 0.330489 0.291560 0.308261 0.247440 0.452731 0.118045 0.474959 0.162165
1 0.306178 0.236455 0.284706 0.193835 0.429176 0.064440 0.450648 0.107060
1 0.284298 0.182970 0.265270 0.145202 0.409740 0.015807 0.428768 0.053575
1 0.631050 0.438039 0.604859 0.467205 0.493296 0.289100 0.519487 0.259935
1 0.555645 0.265576 0.522324 0.238194 0.613639 0.040648 0.646960 0.068031
1 0.517963 0.233161 0.482265 0.203826 0.573580 0.006280 0.609278 0.035616
