1 0.572551 0.439163 0.598730 0.475232 0.473667 0.636608 0.447488 0.600539
1 0.599448 0.489651 0.625627 0.525719 0.500564 0.687095 0.474385 0.651027
1 0.624506 0.546355 0.650686 0.582423 0.525623 0.743799 0.499443 0.707731
1 0.715802 0.500283 0.745651 0.520447 0.666995 0.727448 0.637146 0.707284
1 0.646228 0.733918 0.663952 0.781525 0.508062 0.884701 0.490338 0.837094
1 0.664943 0.792779 0.682064 0.838767 0.526175 0.941943 0.509054 0.895955
1 0.681406 0.849611 0.696579 0.890365 0.540689 0.993541 0.525517 0.952787
1 0.362556 0.536440 0.391375 0.512076 0.484570 0.708055 0.455751 0.732418
1 0.420453 0.720539 0.450812 0.753481 0.340960 0.933466 0.310601 0.900525
1 0.454644 0.759228 0.487169 0.794519 0.377316 0.974504 0.344792 0.939213
