1 0.584414 0.514192 0.587679 0.564196 0.414296 0.584322 0.411031 0.534318
1 0.581418 0.575991 0.584683 0.625995 0.411300 0.646122 0.408035 0.596118
1 0.574055 0.641070 0.577320 0.691074 0.403937 0.711200 0.400672 0.661196
1 0.666704 0.682057 0.680339 0.722801 0.521403 0.817353 0.507768 0.776609
1 0.502223 0.804917 0.493469 0.856769 0.323679 0.805806 0.332433 0.753954
1 0.488917 0.866338 0.480460 0.916427 0.310670 0.865464 0.319127 0.815376
1 0.474822 0.924291 0.467328 0.968679 0.297538 0.917716 0.305032 0.873328
1 0.375417 0.413167 0.409308 0.418482 0.388974 0.648945 0.355084 0.643629
1 0.333303 0.604736 0.341291 0.655826 0.170915 0.703183 0.162927 0.652093
1 0.341547 0.663508 0.350105 0.718243 0.179729 0.765601 0.171171 0.710866
