1 0.413272 0.500850 0.405659 0.550006 0.576102 0.596936 0.583715 0.547780
1 0.410847 0.562694 0.403233 0.611850 0.573676 0.658780 0.581289 0.609624
1 0.412472 0.628474 0.404858 0.677630 0.575301 0.724559 0.582914 0.675403
1 0.316871 0.654785 0.299769 0.693133 0.449358 0.811737 0.466460 0.773389
1 0.469493 0.802366 0.473656 0.855225 0.646743 0.830991 0.642581 0.778132
1 0.477341 0.865436 0.481362 0.916497 0.654449 0.892264 0.650428 0.841203
1 0.486274 0.925184 0.489838 0.970433 0.662925 0.946200 0.659362 0.900950
1 0.629675 0.432987 0.595551 0.433001 0.595603 0.665053 0.629727 0.665039
1 0.654759 0.629795 0.642360 0.679296 0.807436 0.752804 0.819835 0.703303
1 0.641434 0.686887 0.628150 0.739919 0.793226 0.813427 0.806510 0.760395
