1 0.426618 0.560321 0.439344 0.607559 0.603138 0.529118 0.590412 0.481879
1 0.448732 0.614780 0.461457 0.662018 0.625251 0.583577 0.612526 0.536338
1 0.475841 0.669781 0.488566 0.717020 0.652360 0.638578 0.639635 0.591340
1 0.404551 0.758693 0.404953 0.803305 0.578979 0.800521 0.578578 0.755909
1 0.592497 0.778527 0.616719 0.820739 0.754942 0.679734 0.730720 0.637522
1 0.623856 0.826891 0.647254 0.867667 0.785478 0.726662 0.762079 0.685886
1 0.654843 0.871665 0.675578 0.907800 0.813801 0.766795 0.793066 0.730660
1 0.584743 0.351974 0.555630 0.375707 0.646415 0.573687 0.675528 0.549953
1 0.683107 0.502477 0.691883 0.553336 0.861491 0.501306 0.852714 0.450446
1 0.694061 0.560457 0.703463 0.614945 0.873071 0.562914 0.863669 0.508426
