1 0.5833366037163348 0.24679130464393106 0.5817985057001308 0.3135312259852093 0.3559782711578007 0.30427916154593804 0.3575163691740047 0.23753924020465983
1 0.8661814305159126 0.4102543630933871 0.8655394457559387 0.47676904941216575 0.6322620750636169 0.47276631056536195 0.6329040598235908 0.4062516242465833
1 0.5927208199004521 0.4001877735676567 0.5911165478138876 0.46852861884882036 0.3704529761355076 0.45931976039538014 0.3720572482220722 0.3909789151142165
1 0.855461564937835 0.5201433415038974 0.8573104156037143 0.58701532158728 0.6336458410566317 0.5980087291119756 0.6317969903907524 0.5311367490285929
1 0.609742400252673 0.5442618619513121 0.6116790683461859 0.6143101533399129 0.39285048292021707 0.6250658656493467 0.3909138148267041 0.5550175742607458
1 0.8668695840484106 0.7141018511726135 0.8647925085955983 0.7889044600667421 0.6336486103277975 0.7774942028457478 0.63572568578061 0.7026915939516193
1 0.5904214750323278 0.7135883211602241 0.5870361576090698 0.7883059634100815 0.3561548106301874 0.7697089776714156 0.35954012805344543 0.6949913354215582
1 0.5113883687116918 0.9466311182150545 0.5158062885166962 0.8720093963932605 0.7463912364529038 0.8962789053745391 0.7419733166478995 0.9709006271963332
1 0.8785760228294567 0.27626701473610255 0.8757786960926556 0.3510278927742699 0.6447637483102392 0.33566098948972745 0.6475610750470404 0.2609001114515601
1 0.5764159217843079 0.11627058908342694 0.5784868631021256 0.19117547410998362 0.349413475911403 0.20243473187822653 0.3473425345935853 0.12752984685166982
1 0.8652120935290635 0.12107463906037662 0.8645158861730575 0.195922741003488 0.6332314120504648 0.1920981784434624 0.6339276194064707 0.117250076500351
