1 0.6342397544000051 0.48204118483328107 0.637060050723264 0.5355223595558145 0.4645759718578642 0.5516927419494473 0.4617556755346053 0.49821156722691384
1 0.6356390081313483 0.5436083490123855 0.6384593044546072 0.597089523734919 0.4659752255892074 0.6132599061285517 0.4631549292659485 0.5597787314060183
1 0.6384375155940348 0.60517551319149 0.6412578119172937 0.6586566879140234 0.46877373305189385 0.6748270703076563 0.465953436728635 0.6213458955851228
1 0.4185140655787022 0.48167154515730704 0.45343118837390606 0.4798249934393036 0.4602334376811944 0.7084938355655636 0.42531631488599053 0.710340387283567
1 0.641904966295896 0.45601056052103867 0.6767475953169749 0.4524541195044171 0.6898486626772132 0.6806351091471071 0.6550060336561343 0.6841915501637287
1 0.4077345210586131 0.7428304589667312 0.44969596725633487 0.7388904170702324 0.46266138429747256 0.9843689797158299 0.4206999380997508 0.9883090216123287
1 0.45456426823149804 0.7364590647935496 0.4965257144292198 0.7325190228970507 0.5094911314703576 0.9779975855426482 0.46752968527263594 0.981937627439147
1 0.5028109110915341 0.7468651581815774 0.6863681386550751 0.7243456886064461 0.6902596764155264 0.7807369818686112 0.5067024488519855 0.8032564514437425
1 0.5049047510772103 0.8119482484632353 0.6884619786407512 0.7894287788881048 0.6919014737829892 0.8392696364562552 0.5083442462194483 0.8617891060313858
1 0.511475714104447 0.8732836897192898 0.6891387171484965 0.848631455420753 0.6930243243566686 0.8984139988621761 0.5153613213126191 0.9230662331607128
