1 0.41458689650221736 0.47938806484395274 0.45294567730850127 0.4774671243340941 0.45942885152927426 0.7076198091717979 0.4210700707229903 0.7095407496816565
1 0.6359103201151718 0.48408531482427786 0.6379904012936702 0.5360873442867362 0.4603565256277552 0.5487190865563129 0.45827644444925675 0.4967170570938545
1 0.6378522646675338 0.5436322603595222 0.6399323458460322 0.5956342898219804 0.4661918957455791 0.6079891662735687 0.46411181456708067 0.5559871368111103
1 0.6427058687567994 0.6103212359147497 0.6447859499352978 0.6623232653772081 0.46766827369833497 0.6749183001318371 0.4655881925198365 0.6229162706693787
1 0.6367775351299617 0.45683124594537056 0.6734768725413695 0.4531713950407722 0.6863001144433604 0.6817681905747066 0.6496007770319526 0.685428041479305
1 0.40076353355875705 0.7429793769284523 0.4497737641122631 0.7382696851034923 0.46291756880344537 0.9814300718904457 0.4139073382499393 0.9861397637154057
1 1.1515748031496063 0.6240157480314961 1.3031496062992125 0.6240157480314961 1.3031496062992125 0.8366141732283463 1.1515748031496063 0.8366141732283463
1 1.0733267716535433 0.7066929133858266 1.1466535433070866 0.7066929133858266 1.1466535433070866 0.7381889763779527 1.0733267716535433 0.7381889763779527
1 0.4509603839524578 0.7390423690544365 0.49997061450596386 0.7343326772294766 0.5131144191971461 0.9774930640164301 0.46410418864364 0.98220275584139
1 0.6843106513671087 0.7173293790356435 0.6890993358263526 0.7825339885989224 0.5071263565068779 0.8062926682084625 0.5023376720476339 0.7410880586451837
1 0.684979836541193 0.7821010752617602 0.6895079759949959 0.8401533098604104 0.5064571713328258 0.8655367200138254 0.5019290318790228 0.8074844854151753
1 0.6894089703994607 0.8411561933719963 0.6939371098532636 0.8992084279706466 0.5108863051910935 0.9245918381240616 0.5063581657372905 0.8665396035254115
