1 0.5703461144459961 0.42776037577196474 0.5994392971771044 0.4603882442554498 0.48634841529671924 0.6396582347917693 0.4572552325656109 0.6070303663082843
1 0.6025289502668917 0.476267838458532 0.6316221329980001 0.508895706942017 0.5185312511176148 0.6881656974783366 0.4894380683865065 0.6555378289948516
1 0.6319132786251006 0.5266409727868901 0.661006461356209 0.5592688412703752 0.5479155794758237 0.7385388318066948 0.5188223967447154 0.7059109633232097
1 0.6686818924972436 0.7099794712503814 0.6900474948040354 0.7519053175982677 0.5447290551559194 0.8835585422984248 0.5233634528491276 0.8416326959505384
1 0.6966669671241094 0.7584869339369485 0.7180325694309011 0.8004127802848348 0.5727141297827851 0.9320660049849917 0.5513485274759933 0.8901401586371056
1 0.7176557730942585 0.8125914115488885 0.7353521401935834 0.8473170961922946 0.5900337005454673 0.9789703208924515 0.5723373334461426 0.9442446362490455
1 0.44155674889452123 0.733873246841064 0.47405125134997084 0.7601823700612942 0.38286166144520706 0.9604110353644587 0.3503671589897575 0.9341019121442286
1 0.4835343608348198 0.7637239931097207 0.5160288632902694 0.7900331163299509 0.42483927338550564 0.9902617816331154 0.3923447709300561 0.9639526584128852
1 0.3649806636650291 0.5604770079128503 0.3883689230211352 0.5332686280690855 0.503874209633262 0.7097807575950671 0.480485950277156 0.7369891374388319
1 0.7101900560341156 0.47131771891071766 0.7385820326144963 0.4842774199323917 0.6853236408405216 0.6917048405257872 0.6569316642601407 0.6787451395041131
