1 0.5696507550929036 0.4310590370128405 0.5972965049047441 0.4618682308330009 0.4873668074120759 0.6372322720713061 0.4597210576002354 0.6064230782511456
1 0.6012552931804239 0.47319842112953414 0.6289010429922645 0.5040076149496946 0.5189713454995962 0.6793716561879997 0.4913255956877557 0.6485624623678393
1 0.6304287129535194 0.5250622785039264 0.65807446276536 0.5558714723240868 0.5481447652726917 0.731235513562392 0.5204990154608512 0.7004263197422315
1 0.7177266843808483 0.46989440570812363 0.7465794725094992 0.48459831255928615 0.6853804760178717 0.6980879589756427 0.6565276878892208 0.68338405212448
1 0.6724599252782869 0.7063325402236112 0.6934635789721662 0.7477017806985935 0.5462270051359294 0.880597342604456 0.5252233514420501 0.8392281021294736
1 0.6943399901081087 0.7581963975980034 0.7153436438019879 0.7995656380729856 0.5681070699657511 0.932461199978848 0.5471034162718719 0.8910919595038658
1 0.7174356140951427 0.8100602549723955 0.7384392677890219 0.8514294954473779 0.5912026939527852 0.9843250573532403 0.5701990402589059 0.942955816878258
1 0.44276117038352075 0.7311452669834045 0.474739275945781 0.7571785667007407 0.3820845930939061 0.9595123305934476 0.35010648753164586 0.9334790308761117
1 0.4828746225715273 0.7635601778423997 0.5148527281337876 0.7895934775597357 0.4221980452819126 0.9919272414524428 0.39021993971965235 0.9658939417351067
1 0.3645925866959429 0.5585738181425469 0.3885011134661005 0.5314302722723718 0.5037697485238841 0.7119292967448565 0.4798612217537265 0.7390728426150316
