1 0.43860016018689374 0.7253687409345065 0.47543994963263997 0.7534057420673351 0.3843183939693547 0.9662609002254544 0.3474786045236084 0.9382238990926257
1 0.36694050888074936 0.565658233090367 0.3925071953073341 0.5365738199442276 0.5049530203968883 0.7122993849652496 0.47938633397030356 0.741383798111389
1 0.5692765031758985 0.42685206816427057 0.600772368210204 0.4624402047582856 0.48582335069551935 0.6432954166581778 0.45432748566121395 0.6077072800641629
1 0.6018187926870913 0.47659828410550026 0.6303135757873317 0.5089695631779048 0.516511553215768 0.6870568631942667 0.4880167701155275 0.6546855841218623
1 0.6274915840183471 0.5225013756348984 0.6578198758927626 0.5550795281402716 0.5490596964383541 0.7350780288744654 0.5187314045639386 0.7024998763690923
1 0.48266250461436416 0.7598637132149865 0.5183189108918838 0.7873082404356307 0.4262333844933206 1.0000000000000127 0.390576978215801 0.9725554727793682
1 0.6721332910624075 0.7044585556441797 0.6957795311885666 0.7517329557679769 0.544821029768362 0.8859696096419867 0.521174789642203 0.8386952095181894
1 0.6972023330985292 0.7592995677543796 0.7181855579293717 0.8006251110970676 0.5686275153194733 0.9356273302576236 0.5476442904886308 0.8943017869149356
1 0.7174804103140825 0.8110001166678434 0.7377906383944808 0.8524216739982795 0.5922716483180228 0.9792702285067852 0.5719614202376244 0.9378486711763492
1 0.7161813206034721 0.4634244142905181 0.7455423837138396 0.47670902233005563 0.6904968033024139 0.6929923087180417 0.6611357401920464 0.6797077006785043
