1 0.3659763755301295 0.5654472109226474 0.39185622751853655 0.5355415504970494 0.5065949594297782 0.7120623596425246 0.4807151074413711 0.7419680200681226
1 0.5675644732542188 0.42868922121451836 0.5989468807238255 0.46470080153149734 0.48655717397886517 0.6388205728279914 0.4551747665092584 0.6028089925110126
1 0.6016073640203182 0.47279699657092855 0.6319257439607501 0.5064082003798243 0.5190220255209962 0.6874619996126482 0.4887036455805642 0.6538507958037525
1 0.6282957607610826 0.5253342853947026 0.6534792420327371 0.5523817109467611 0.5438626966928133 0.7338260466915666 0.5186792154211589 0.7067786211395081
1 0.7071249311892843 0.46637838009520377 0.7451221729031358 0.484466441347017 0.6885424399771676 0.6957659163040605 0.6505451982633161 0.6776778550522473
1 0.4416012870148246 0.7228927769143958 0.4772457959882287 0.7501854275925836 0.3838666441639073 0.9669929356732827 0.34822213519050327 0.939700284995095
1 0.48252282693601434 0.7614904271189802 0.517279451948023 0.7891626152328551 0.42327720642554345 0.9990613391849646 0.3885205814135347 0.9713891510710897
1 0.6696740444452629 0.7081910628839119 0.6921965777413563 0.7539376856898031 0.5432407672048004 0.8843123255039821 0.520718233908707 0.8385657026980907
1 0.6950888384330625 0.7619362455234512 0.7163887926354459 0.8053820776748457 0.5664562820405787 0.9360604860019187 0.5451563278381953 0.8926146538505242
1 0.718823551905649 0.8135325751739528 0.7380316159610059 0.8526091844466898 0.5900336783150955 0.9819393578002564 0.5708256142597385 0.9428627485275195
