1 0.5722936816140424 0.43142663225171224 0.5995748588373926 0.46308627001707997 0.4862724586319821 0.6366559043743137 0.4589912814086318 0.6049962666089461
1 0.6016032107929213 0.47620428480564997 0.6297014167598569 0.5080330244929471 0.5165640798145738 0.6855919771052894 0.48846587384763823 0.6537632374179921
1 0.6294988493068268 0.5261747978180603 0.6591120572223174 0.5587806237644378 0.5489630709887015 0.7366283133225184 0.5193498630732108 0.704022487376141
1 0.7104133409867035 0.4782726928207869 0.7389706359502692 0.49132353654613947 0.688141488955224 0.6890518093476119 0.6595841939916582 0.6760009656222593
1 0.37313369297758764 0.5651053307773094 0.3949744441447965 0.5405316088698142 0.5030982726103157 0.7113739522406698 0.4812575214431069 0.735947674148165
1 0.4426902177513859 0.7285090811847674 0.4755468619608386 0.75397427840574 0.3873465030171987 0.9562873700297684 0.35448985880774597 0.9308221728087958
1 0.48254794671892876 0.7608410373754425 0.51902111929642 0.7891093655776324 0.4304857619349164 0.9921895898977373 0.3940125893574252 0.9639212616955474
1 0.6680344017516808 0.7111401427024535 0.6896591534431316 0.7537093714033605 0.5464852584281089 0.8830088165297307 0.5248605067366581 0.8404395878288239
1 0.6959576714515596 0.7637942470869897 0.715283746048531 0.8020112323707907 0.5709505474152615 0.931768274186012 0.5516244728182902 0.893551288902211
1 0.7166506226924855 0.8174844701071977 0.7349536246191325 0.8544202577789896 0.5929175654318215 0.9795472623011451 0.5746145635051746 0.9426114746293534
