1 0.5697852818353607 0.4327506291280095 0.5956954839287399 0.46192461188161543 0.486362087934479 0.6345502868235419 0.4604518858410998 0.6053763040699358
1 0.6001742607656686 0.4781315043306027 0.6260844628590478 0.5073054870842086 0.5167510668647868 0.679931162026135 0.4908408647714076 0.6507571792725292
1 0.6305632396959766 0.5251331250761456 0.6564734417893557 0.5543071078297517 0.5471400457950948 0.726932782771678 0.5212298437017155 0.697758800018072
1 0.7119266474116202 0.4719130696298428 0.7389601701458918 0.48406667561658556 0.6848169701775499 0.6981677677492554 0.6577834474432784 0.6860141617625125
1 0.6704943914657016 0.7094066720398922 0.6912571507953362 0.7512699625913386 0.5445486866448912 0.8806252996165936 0.5237859273152564 0.8387620090651473
1 0.6948055746099479 0.7596497838713347 0.7155683339395826 0.8015130744227811 0.5688598697891374 0.9308684114480362 0.5480971104595026 0.8890051208965898
1 0.7179011985969825 0.8131343867886777 0.7362464869639247 0.8501234076101638 0.5895380228134796 0.9794787446354188 0.5711927344465375 0.9424897238139328
1 0.4424332228508746 0.7317142166509817 0.47407618909499155 0.7573011701555981 0.3828706286744864 0.957821032341779 0.3512276624303694 0.9322340788371626
1 0.4837622341960933 0.7625083819670272 0.5154052004402103 0.7880953354716436 0.42117797260319956 0.9952584804920799 0.38953500635908256 0.9696715269874635
1 0.3668871543536171 0.5660728229729716 0.3905846842840674 0.5380978108890884 0.5035434444878473 0.7082079453863624 0.47984591455739684 0.7361829574702455
