1 0.41310776690075446 0.4774483646669519 0.455895911966123 0.47539247781696486 0.46238244435161224 0.7153941760801388 0.4195942992862437 0.7174500629301258
1 0.6358279579067758 0.45053427593362066 0.6785791266272907 0.44739585921847563 0.6884811509833864 0.6871901545772493 0.6457299822628715 0.6903285712923942
1 0.4069893752296105 0.7399043546737787 0.4522791688744154 0.7365795743308235 0.4625953242117326 0.9864027530024462 0.4173055305669277 0.9897275333454013
1 0.45261343105720775 0.736620451462375 0.4963821529801572 0.732377652458752 0.5099830794077571 0.981812640465819 0.4662143574848076 0.986055439469442
1 0.6348030766740258 0.47921805944384543 0.6373303863451258 0.5421199890356618 0.4620035029486722 0.5546433378496957 0.45947619327757216 0.4917414082578792
1 0.6362794546267818 0.5441786893651055 0.6386490336167607 0.603154877560129 0.4633221502203069 0.6156782263741628 0.460952571230328 0.5567020381791393
1 0.6422181597136774 0.6060284551673794 0.6444263892493736 0.660988834722479 0.4658397384430824 0.6737450240657871 0.4636315089073861 0.6187846445106874
1 0.6856785575197858 0.7197273615296195 0.6899600104750416 0.7824602857167492 0.5044546921002576 0.804967900979396 0.5001732391450018 0.7422349767922662
1 0.6886313134252974 0.7846879914508793 0.6923797869417421 0.8396115670178897 0.5068744685669582 0.8621191822805365 0.5031259950505134 0.8071956067135261
1 0.6897927077111167 0.8452079522795266 0.6937324611230063 0.8999958907527776 0.5157061353275325 0.9227545033315934 0.5117663819156428 0.8679665648583423
