1 0.40122992961021015 0.7366453721963644 0.4498483869765212 0.7324437771153274 0.46236205816028936 0.9898678700386919 0.4137436007939783 0.994069465119729
1 0.449950402051155 0.7327083643223485 0.49856885941746604 0.7285067692413115 0.5110825306012342 0.9859308621646761 0.4624640732349231 0.990132457245713
1 0.4131235905232858 0.4742735894021726 0.45087524992314953 0.47190033815256505 0.45932666496374736 0.7109010701557189 0.42157500556388355 0.7132743214053264
1 0.6380383530892798 0.45351801938193487 0.6757262754670977 0.44975233216364174 0.6891363118465714 0.6883495535617834 0.6514483894687535 0.6921152407800765
1 0.6352799350454327 0.48142523460126996 0.6372512515205453 0.5392505178712269 0.4587161279466909 0.5500708283908567 0.4567448114715783 0.49224554512089996
1 0.6397090689037004 0.5463858645225298 0.641680385378813 0.6042111477924867 0.46314526180495863 0.6150314583121167 0.461173945329846 0.5572061750421597
1 0.6411854468564563 0.6054409826327661 0.6431567633315689 0.663266265902723 0.46462163975771453 0.6740865764223529 0.4626503232826019 0.6162612931523961
1 0.6857220949082317 0.7217688139064309 0.6901523827118192 0.7793516129249028 0.5046112863373868 0.8047295759537806 0.5001809985337993 0.7471467769353085
1 0.6871984728609876 0.7827924359536751 0.6916287606645752 0.8403752349721471 0.5060876642901427 0.8657531980010248 0.5016573764865552 0.8081703989825527
1 0.6901512287664994 0.8438160580009192 0.6945815165700869 0.9013988570193912 0.5090404201956545 0.9267768200482689 0.5046101323920669 0.8691940210297968
