1 0.41081797886197924 0.47774500846414125 0.4506367332402318 0.47526408918823815 0.4587686353112477 0.707294361614599 0.4189498809329951 0.7097752808905021
1 0.6396983683544686 0.4527908041744858 0.6794731167170727 0.449272027068158 0.6909147556683662 0.6791944859941851 0.6511400073057623 0.6827132631005131
1 0.6360495624240001 0.48289895948232087 0.6384655340972828 0.5359508577014065 0.4649440104055268 0.5499990918106769 0.4625280387322441 0.49694719359159134
1 0.6364014029274296 0.5457430736215351 0.6388173746007123 0.5987949718406207 0.46346763245277034 0.612991217794929 0.4610516607794876 0.5599393195758433
1 0.6393541588329414 0.6067666956687792 0.6417701305062241 0.6598185938878648 0.46642038835828215 0.674014839842173 0.4640044166849995 0.6209629416230874
1 0.682832943190142 0.7233317326577737 0.6869773281446607 0.7837114462961358 0.5085715252609233 0.8054812989161705 0.5044271403064045 0.7451015852778085
1 0.6857883044773591 0.7883308980645439 0.6894012739516068 0.8410283967352982 0.5129980537374862 0.8625293776038884 0.5093850842632384 0.8098318789331341
1 0.6895016476158482 0.8485364768814692 0.6937897194737601 0.9011439257689065 0.5120099463859974 0.927485264480442 0.5077218745280856 0.8748778155930047
1 0.45359675000274075 0.7356324327232122 0.4989414488601695 0.7310627771764964 0.5129209103643577 0.9776729416470139 0.46757621150692896 0.9822425971937297
1 0.40487627756179584 0.7415379445342357 0.4502209764192246 0.7369682889875199 0.46420043792341287 0.9835784534580374 0.41885573906598406 0.9881481090047533
