1 0.5764159217843081 0.1190368408123344 0.5784840475992973 0.19383989054599796 0.3473387871147223 0.2052009836071341 0.3452706612997332 0.13039793387347057
1 0.5820170727821748 0.24555596686120654 0.5813855010394164 0.3134552008732834 0.3501010269168235 0.309630638313258 0.35073259865958184 0.24173140430118117
1 0.5906709048502592 0.39118170468798497 0.5912676544927506 0.4578811371337829 0.36939085799068 0.46141019995278376 0.36879410834818854 0.3947107675069858
1 0.6096109425311961 0.5395071036062487 0.6116790683461852 0.6143101533399122 0.3805338078616103 0.6256712464010483 0.3784656820466211 0.5508681966673847
1 0.5895409957571409 0.7133953166236527 0.585729040353464 0.7880764197602595 0.3549606011086941 0.767135730479079 0.3587725565123711 0.6924546273424722
1 0.7435707578845596 0.8946808980561769 0.738243192880432 0.9691969465687306 0.5079847808899893 0.9399303703466914 0.5133123458941171 0.8654143218341378
1 0.8650769548591434 0.7173892082476147 0.8623137882542293 0.7921523446781028 0.6312918619237033 0.7769730974996532 0.6340550285286174 0.702209961069165
1 0.8523495317428142 0.5229095932328047 0.8540894487098457 0.5858414973142702 0.6346831854549716 0.5966256032475221 0.6329432684879401 0.5336936991660566
1 0.8643336380007872 0.41108351551984834 0.86345466659341 0.474608311491591 0.6321917590179387 0.46891958670348916 0.6330707304253159 0.40539479073174645
1 0.876286761137974 0.27321423885978746 0.8738512379315326 0.3479976239594446 0.6542459756732617 0.3352828873484494 0.6566814988797031 0.26049950224879226
1 0.8643770884512684 0.11653380848163167 0.865335004559458 0.19137676918600935 0.6340664171282576 0.19663900902220713 0.6331085010200679 0.12179604831782945
