1 0.5663552454092919 0.4308609440844374 0.5952477413845962 0.4625860377043791 0.4860107089090742 0.6394459950457023 0.4571182129337699 0.6077209014257606
1 0.5979597834968122 0.47786256482998035 0.6268522794721165 0.509587658449922 0.5176152469965946 0.6864476157912451 0.48872275102129026 0.6547225221713034
1 0.6283487624271202 0.5167604578607745 0.6572412584024245 0.5484855514807162 0.5480042259269026 0.7253455088220393 0.5191117299515983 0.6936204152020976
1 0.7130019653886707 0.46969625700336226 0.743257837355121 0.48359529436889626 0.6872832296945386 0.700212766111599 0.6570273577280882 0.6863137287460649
1 0.6744439178583286 0.704838701292191 0.6955793311004046 0.7465903197557424 0.544490702351194 0.8825614417728961 0.523355289109118 0.8408098233093446
1 0.6963239826881504 0.7599440497524828 0.7174593959302265 0.8016956682160342 0.5663707671810159 0.9376667902331879 0.5452353539389398 0.8959151717696365
1 0.7194196066751845 0.8101871615839251 0.7396109074625885 0.8500737480018442 0.5885222787133778 0.9860448700189981 0.5683309779259738 0.9461582836010789
1 0.44400113571673006 0.7295501075785522 0.4773012583027332 0.7565691030808231 0.38254179508990727 0.964192694147386 0.34924167250390414 0.937173698645115
1 0.48411458790473655 0.7603442728945976 0.5174147104907397 0.7873632683968685 0.4226552472779138 0.9949868594634314 0.38935512469191064 0.9679678639611604
1 0.36828623136909777 0.5619167646600292 0.39230283869561483 0.5347737464444157 0.5045371256999363 0.7113192026083398 0.48052051837341914 0.7384622208239532
