1 0.41443312214240996 0.4736042627966485 0.45545253672242153 0.47146936384729343 0.4625353817945954 0.7134036112191021 0.42151596721458384 0.7155385101684573
1 0.6372540804489122 0.4505814292471454 0.6782376790844737 0.4474542653283977 0.6883629410562034 0.6833625457377178 0.6473793424206418 0.6864897096564656
1 0.40532597077156474 0.7425447792491496 0.4491981135360092 0.738161255019029 0.4627842654489044 0.9798961656327428 0.41891212268445993 0.9842796898628634
1 0.45404644321250964 0.7405762753121418 0.4979185859769541 0.7361927510820211 0.511504737889849 0.9779276616957351 0.46763259512540445 0.9823111859258556
1 0.6845441214342337 0.7208816303909876 0.6891706925817761 0.7792165766207398 0.508369264392529 0.8047089207901148 0.5037426932449866 0.7463739745603627
1 0.6845441214342337 0.7799367485012237 0.6891706925817761 0.838271694730976 0.508369264392529 0.863764038900351 0.5037426932449866 0.8054290926705988
1 0.6874968773397455 0.8468658823594916 0.692123448487288 0.9052008285892438 0.5113220202980409 0.9306931727586188 0.5066954491504985 0.8723582265288666
1 0.641320687312653 0.603061709907425 0.6443795687695355 0.6615799578132506 0.46301002134875546 0.6784343530847008 0.459951139891873 0.6199161051788752
1 0.641320687312653 0.5400695839231731 0.6443795687695355 0.5985878318289987 0.46301002134875546 0.6154422271004488 0.459951139891873 0.5569239791946232
1 0.6383679314071412 0.4770774579389211 0.6414268128640237 0.5355957058447467 0.46005726544324366 0.5524501011161969 0.4569983839863612 0.4939318532103713
