1 0.634009655644041 0.4784921220205501 0.637039497493321 0.5362033953401718 0.4605890645639489 0.552672102413579 0.4575592227146689 0.49496082909395717
1 0.6369624115495528 0.54345275194181 0.6399922533988327 0.6011640252614316 0.4635418204694607 0.6176327323348388 0.4605119786201807 0.5599214590152172
1 0.6399151674550646 0.6044763739890541 0.6429450093043446 0.6621876473086757 0.4664945763749725 0.6786563543820829 0.46346473452569253 0.6209450810624612
1 0.6848683195177147 0.8433733618045494 0.6891113059403492 0.9009485799873101 0.5130768573831885 0.9240113350705227 0.5088338709605539 0.8664361168877619
1 0.6856117854369572 0.7209316000070749 0.6898233816036436 0.7785109153548967 0.5038243861533009 0.8026971519578366 0.4996127899866144 0.7451178366100148
1 0.4128177236942787 0.47569053866393823 0.4511449920588987 0.4728645649596366 0.46094033882406454 0.7090412591865921 0.4226130704594445 0.7118672328908938
1 0.6372271725131764 0.45206849141984373 0.6755544408777964 0.4492425177155421 0.6853497876429622 0.6854192119424977 0.6470225192783422 0.6882451856467994
1 0.4069122118832552 0.737501562285986 0.45194771181425486 0.7341809724293248 0.46241671677682045 0.986600314304702 0.4173812168458208 0.989920904161363
1 0.45415630637144416 0.7355330583489781 0.4991918063024438 0.732212468492317 0.5096608112650094 0.9846318103676942 0.4646253113340098 0.9879524002243553
1 0.6863666560761605 0.7804644981146851 0.6905782522428471 0.8380438134625069 0.5083961481936313 0.8617337235218981 0.5041845520269448 0.8041544081740764
