1 0.4163247351949327 0.47769742715141056 0.4501932329986003 0.4753483961310189 0.459285945485461 0.7084139624799891 0.42541744768179335 0.7107629935003807
1 0.6356704540873864 0.48737129630956244 0.6381646260784855 0.5324678957299012 0.4636031115200696 0.549631503370459 0.4611089395289706 0.5045349039501202
1 0.6382896617834384 0.5450366942338197 0.6407502255638315 0.5951061800390334 0.46608926031656955 0.6103654875313927 0.4636286965361764 0.5602960017261791
1 0.6395052209406507 0.6066250248659105 0.6419657847210438 0.6566945106711242 0.46730481947378183 0.6719538181634835 0.46484425569338866 0.6218843323582699
1 0.6825597125491624 0.7266596945126661 0.6860511527901857 0.7766201324007906 0.5117705871845554 0.7982724710450915 0.508279146943532 0.7483120331569669
1 0.6837752717063748 0.7882480251447568 0.6872667119473981 0.8382084630328813 0.5129861463417678 0.8598608016771822 0.5094947061007444 0.8099003637890576
1 0.6874219491780117 0.8498363557768475 0.6909133894190351 0.899796793664972 0.5166328238134048 0.9214491323092727 0.5131413835723814 0.8714886944211482
1 0.6421326526655672 0.4568201399503509 0.6745378066768735 0.4534652676297765 0.6880879558133003 0.6861455819425201 0.655682801801994 0.6895004542630944
1 0.4554379766535107 0.7427745160901286 0.4946350514094499 0.7387164831889331 0.5088993255044488 0.983659601264654 0.46970225074850963 0.9877176341658495
1 0.4092467286794427 0.747636752718978 0.4484438034353818 0.7435787198177825 0.46270807753038073 0.9885218378935033 0.42351100277444154 0.9925798707946989
