1 0.4165723852636908 0.4753310424694087 0.45494128738294304 0.4738113658332611 0.46020120196868275 0.7099050400857743 0.4218322998494305 0.7114247167219219
1 0.638798606080321 0.4525311710421536 0.6771225603661648 0.44962639341748145 0.6869253312838398 0.6795500987764957 0.648601376997996 0.682454876401168
1 0.40456730556120535 0.740985304186769 0.4480923863939846 0.7366611509381419 0.4620030884958687 0.98558415460826 0.41847800766308946 0.9899083078568871
1 0.45181140004939424 0.7350797923757447 0.49533648088217347 0.7307556391271179 0.5092471829840566 0.9796786427972362 0.46572210215127735 0.9840027960458629
1 0.6367041289332677 0.48215319839830195 0.6389884737895535 0.5369774749491467 0.46052633745074284 0.5501968924557288 0.4582419925944571 0.4953726159048841
1 0.6381805068860236 0.5431768204455462 0.6404648517423094 0.5980010969963908 0.4620027154034988 0.6112205145029729 0.459718370547213 0.5563962379521282
1 0.6411332627915354 0.6081374503668059 0.6434176076478211 0.6629617269176505 0.4649554713090106 0.6761811444242326 0.46267112645272485 0.621356867873388
1 0.6869664181582816 0.7207479607300151 0.6912249935332369 0.7801504849020936 0.506228615154862 0.8037281143759852 0.5019700397799067 0.7443255902039068
1 0.6869664181582816 0.7817715827772592 0.6912249935332369 0.8411741069493377 0.506228615154862 0.8647517364232294 0.5019700397799067 0.805349212251151
1 0.6882299434578755 0.8457316521570846 0.6924885188328307 0.905134176329163 0.5150868828713976 0.9277438624074815 0.5108283074964424 0.868341338235403
