1 0.569253960220036 0.4277278732285527 0.598619930977313 0.46080557774240194 0.4837340088004664 0.6421287408499424 0.4543680380431894 0.6090510363360931
1 0.6003963849089468 0.4732694835263146 0.6297623556662237 0.5063471880401639 0.5148764334893772 0.6876703511477043 0.48551046273210013 0.6545926466338551
1 0.6325434039426608 0.5228294712032907 0.6619093746999378 0.55590717571714 0.547023452523091 0.7372303388246805 0.517657481765814 0.7041526343108312
1 0.718624724955562 0.4715624292690521 0.7456813910748967 0.4851764975251716 0.6866892225137596 0.6936055207171504 0.6596325563944249 0.6799914524610309
1 0.6725795071975255 0.7080263131771212 0.6937521079649979 0.750808072357726 0.5451619343707653 0.8815404419464239 0.523989333603293 0.8387586827658191
1 0.6956851771280074 0.7602652191069066 0.7168577778954798 0.8030469782875114 0.5682676043012472 0.9337793478762093 0.5470950035337749 0.8909975886956045
1 0.717786252713686 0.8125041250366923 0.7372686815155987 0.8518706906471493 0.5919397638901847 0.979733747209784 0.572457335088272 0.9403671815993272
1 0.4432942018239475 0.7334593471444765 0.4750910882456626 0.758934394256128 0.38408087078880465 0.9608813101282744 0.3522839843670896 0.9354062630166229
1 0.48046419258167966 0.7669458253045954 0.5122610790033948 0.7924208724162469 0.42125086154653674 0.9943677882883933 0.3894539751248217 0.9688927411767418
1 0.36475579138371084 0.5586022467631627 0.3869432322750936 0.5329794630597692 0.502628397192903 0.7110680328671041 0.48044095630152023 0.7366908165704975
