1 0.5660778509874372 0.4269255803348274 0.5955607548827238 0.45813516408779636 0.4873452682269642 0.6398745977641533 0.4578623643316777 0.6086650140111843
1 0.5976823890749575 0.4723064555374206 0.627165292970244 0.5035160392903896 0.5189498063144844 0.6852554729667465 0.48946690241919794 0.6540458892137776
1 0.6280713680052655 0.5241703129118128 0.657554271900552 0.5553798966647817 0.5493387852447925 0.7371193303411387 0.519855881349506 0.7059097465881697
1 0.7140829038251836 0.46262136761112954 0.7456488897935045 0.4774239030620481 0.6879058244975009 0.6963313607226521 0.65633983852918 0.6815288252717335
1 0.6679484154664838 0.7063567898709405 0.6901760653737341 0.7504763316762213 0.5457061504203659 0.8798713167177967 0.5234785005131155 0.8357517749125161
1 0.6922595986107303 0.7614621383312327 0.7137313369454968 0.804081275354071 0.5692614219921287 0.9334762603956465 0.547789683657362 0.890857123372808
1 0.7141396634405524 0.8149467412485746 0.7331675348225881 0.8527150600050886 0.58869761986922 0.9821100450466639 0.5696697484871842 0.9443417262901499
1 0.36738779409910144 0.5598772847879575 0.39357856144259534 0.530711721685241 0.5051415475575093 0.7088164545056622 0.4789507802140154 0.7379820176083789
1 0.4427925355514389 0.732340593712583 0.47611371325783824 0.7597230784828685 0.3847987449860675 0.9572684841561905 0.35147756727966806 0.929885999385905
1 0.4804748694250208 0.764755504571578 0.5161727743709662 0.794091122511808 0.4248578060991955 0.9916365281851304 0.38915990115325017 0.9623009102449004
